lessons/landlab/landlab-terrainbento/coupled_process_elements/DEMData/SRTMGL3_39.97_-105.32_40.02_-105.27.tif
ncols        60
nrows        60
xllcorner    -105.320416666684
yllcorner    39.970416666671
cellsize     0.000833333333
NODATA_value 0
 1975 1977 1973 1961 1941 1928 1913 1895 1873 1862 1861 1881 1897 1916 1934 1936 1926 1908 1880 1852 1827 1808 1787 1766 1748 1718 1705 1699 1701 1695 1689 1684 1678 1677 1677 1673 1674 1673 1669 1670 1667 1662 1660 1660 1658 1655 1649 1643 1640 1638 1639 1636 1634 1634 1632 1630 1629 1628 1627 1628
 1934 1943 1944 1940 1940 1924 1899 1881 1859 1842 1835 1845 1862 1884 1904 1917 1921 1921 1914 1892 1859 1827 1799 1769 1746 1726 1711 1709 1721 1715 1698 1688 1676 1673 1676 1674 1673 1672 1669 1665 1659 1656 1654 1651 1650 1647 1644 1641 1640 1638 1637 1638 1638 1632 1631 1630 1629 1629 1629 1628
 1890 1905 1911 1920 1928 1920 1895 1872 1851 1826 1811 1816 1833 1854 1868 1876 1881 1893 1902 1897 1872 1833 1808 1783 1759 1745 1731 1727 1734 1723 1701 1686 1676 1672 1670 1671 1672 1669 1667 1662 1656 1651 1648 1645 1644 1643 1641 1639 1640 1637 1637 1638 1638 1635 1637 1632 1630 1627 1627 1628
 1858 1868 1877 1896 1905 1895 1875 1857 1840 1818 1796 1794 1821 1832 1832 1833 1839 1851 1871 1877 1873 1857 1843 1813 1784 1763 1739 1734 1745 1732 1707 1683 1669 1664 1662 1664 1667 1665 1664 1659 1653 1647 1645 1642 1641 1640 1640 1639 1639 1638 1637 1638 1637 1633 1632 1631 1630 1629 1627 1627
 1824 1829 1841 1864 1869 1849 1829 1812 1801 1789 1766 1779 1811 1811 1797 1797 1809 1832 1853 1856 1845 1837 1830 1822 1790 1758 1727 1713 1725 1726 1707 1679 1664 1659 1658 1656 1657 1655 1652 1647 1645 1642 1640 1637 1638 1638 1642 1639 1638 1639 1636 1634 1633 1634 1633 1631 1630 1632 1631 1630
 1778 1791 1815 1840 1839 1806 1776 1763 1755 1740 1728 1744 1779 1785 1773 1781 1810 1839 1856 1840 1814 1796 1793 1783 1764 1745 1716 1693 1700 1711 1699 1670 1658 1654 1652 1652 1651 1648 1645 1645 1645 1641 1640 1639 1638 1636 1638 1637 1636 1638 1637 1634 1632 1631 1631 1633 1629 1629 1629 1629
 1748 1759 1790 1818 1825 1777 1742 1726 1733 1735 1722 1726 1755 1755 1756 1784 1809 1826 1829 1813 1792 1760 1739 1725 1717 1719 1707 1685 1683 1684 1676 1660 1653 1651 1649 1648 1647 1645 1645 1644 1642 1642 1641 1641 1639 1638 1636 1638 1637 1638 1635 1633 1632 1631 1630 1632 1631 1630 1628 1630
 1769 1751 1762 1785 1793 1775 1737 1743 1772 1772 1730 1720 1725 1720 1745 1775 1779 1786 1788 1778 1752 1726 1693 1671 1672 1681 1689 1676 1668 1665 1657 1653 1652 1652 1649 1645 1645 1646 1648 1645 1643 1643 1643 1643 1639 1639 1642 1638 1634 1632 1631 1631 1631 1631 1633 1634 1636 1631 1631 1630
 1797 1771 1748 1750 1757 1750 1739 1764 1796 1798 1761 1728 1713 1710 1729 1746 1740 1730 1732 1728 1718 1700 1674 1669 1669 1665 1667 1662 1659 1661 1659 1657 1660 1657 1650 1647 1647 1648 1649 1647 1647 1645 1648 1646 1645 1643 1642 1641 1637 1638 1634 1633 1630 1630 1631 1631 1633 1628 1628 1627
 1833 1818 1797 1782 1766 1759 1771 1807 1833 1825 1789 1752 1725 1700 1710 1713 1697 1687 1686 1687 1688 1682 1674 1684 1686 1677 1674 1671 1668 1666 1666 1666 1661 1655 1654 1649 1650 1651 1649 1651 1649 1649 1649 1649 1647 1648 1650 1651 1649 1646 1644 1641 1637 1635 1634 1630 1634 1630 1629 1628
 1880 1860 1841 1833 1816 1805 1819 1852 1863 1833 1785 1751 1729 1707 1700 1704 1710 1720 1720 1712 1701 1689 1697 1710 1712 1702 1692 1685 1682 1677 1678 1673 1667 1664 1660 1654 1655 1655 1654 1656 1654 1653 1653 1653 1653 1655 1653 1650 1652 1652 1651 1650 1648 1649 1647 1645 1638 1634 1631 1629
 1907 1890 1883 1887 1878 1859 1869 1893 1881 1840 1805 1785 1763 1762 1768 1756 1757 1782 1786 1778 1766 1758 1761 1757 1756 1746 1716 1703 1705 1702 1698 1691 1692 1686 1676 1664 1659 1659 1657 1657 1657 1658 1660 1660 1658 1656 1655 1655 1654 1658 1656 1655 1655 1653 1652 1651 1644 1644 1643 1644
 1901 1903 1914 1931 1938 1932 1936 1937 1913 1880 1848 1823 1810 1818 1814 1802 1815 1834 1838 1839 1827 1818 1806 1799 1797 1775 1736 1728 1742 1732 1722 1720 1721 1715 1703 1681 1672 1669 1667 1664 1665 1663 1661 1662 1661 1661 1660 1661 1659 1661 1659 1658 1658 1656 1655 1654 1655 1659 1652 1649
 1869 1882 1908 1941 1968 1982 1999 1992 1954 1925 1897 1875 1871 1874 1866 1857 1873 1889 1897 1896 1887 1854 1836 1851 1839 1812 1767 1750 1772 1768 1749 1751 1746 1738 1721 1704 1688 1678 1671 1669 1668 1667 1665 1668 1667 1667 1663 1663 1664 1664 1663 1664 1661 1660 1658 1659 1662 1658 1657 1656
 1845 1859 1885 1921 1951 1974 2000 2017 2012 1984 1960 1942 1938 1937 1922 1911 1924 1941 1937 1926 1904 1886 1881 1882 1856 1820 1785 1782 1802 1809 1796 1791 1767 1749 1732 1716 1702 1686 1675 1673 1673 1672 1670 1672 1673 1674 1670 1669 1671 1670 1669 1668 1665 1663 1662 1662 1662 1658 1659 1658
 1861 1865 1870 1887 1911 1939 1973 2003 2028 2035 2032 2029 2014 1993 1972 1966 1969 1977 1966 1938 1922 1921 1916 1890 1847 1819 1807 1814 1835 1838 1829 1823 1804 1776 1751 1728 1715 1698 1689 1684 1682 1678 1679 1675 1675 1676 1674 1675 1674 1670 1671 1669 1668 1667 1665 1664 1661 1660 1659 1657
 1863 1875 1896 1899 1903 1917 1939 1961 1997 2019 2042 2069 2070 2046 2023 2023 2027 2021 1989 1962 1966 1960 1935 1897 1875 1866 1849 1860 1880 1873 1854 1844 1830 1803 1773 1744 1726 1709 1697 1690 1689 1687 1685 1683 1680 1682 1680 1679 1678 1676 1676 1674 1672 1670 1665 1665 1661 1660 1660 1655
 1896 1898 1916 1937 1945 1943 1943 1947 1966 1990 2013 2042 2069 2076 2075 2082 2080 2061 2040 2027 2028 2005 1970 1947 1931 1917 1905 1914 1925 1891 1855 1833 1825 1807 1774 1748 1728 1710 1699 1693 1693 1692 1697 1697 1688 1689 1687 1683 1682 1682 1681 1679 1674 1673 1669 1664 1664 1661 1658 1658
 1918 1936 1951 1969 1985 1986 1984 1985 1982 1989 1997 2018 2045 2064 2080 2096 2101 2097 2086 2078 2068 2053 2033 2019 2006 1978 1953 1948 1931 1885 1857 1838 1817 1797 1766 1742 1726 1713 1703 1694 1698 1702 1703 1697 1694 1694 1691 1688 1689 1686 1684 1682 1679 1677 1675 1671 1665 1662 1661 1658
 1909 1927 1948 1971 1992 1987 1981 1993 2009 2024 2026 2031 2042 2053 2066 2084 2097 2108 2108 2104 2101 2090 2081 2068 2045 2017 1991 1970 1925 1883 1856 1844 1828 1808 1775 1745 1727 1716 1709 1704 1704 1707 1704 1698 1697 1696 1695 1696 1691 1690 1688 1690 1687 1681 1679 1675 1670 1666 1665 1662
 1884 1899 1917 1940 1963 1970 1964 1982 2000 2014 2028 2056 2077 2092 2099 2103 2113 2118 2111 2101 2095 2095 2087 2071 2041 2014 1988 1971 1931 1906 1893 1875 1855 1815 1763 1745 1731 1721 1714 1709 1708 1712 1709 1708 1707 1705 1700 1700 1696 1694 1697 1696 1693 1687 1682 1675 1674 1671 1667 1668
 1893 1900 1906 1910 1934 1949 1945 1959 1977 2001 2021 2054 2087 2118 2131 2135 2134 2124 2113 2099 2087 2080 2071 2047 2019 1987 1964 1950 1930 1916 1903 1888 1875 1838 1776 1752 1734 1725 1722 1718 1716 1716 1715 1713 1711 1710 1707 1706 1704 1702 1699 1695 1692 1691 1686 1682 1679 1676 1672 1669
 1915 1937 1939 1925 1920 1928 1935 1947 1961 1989 2020 2053 2090 2116 2131 2138 2136 2129 2120 2108 2075 2061 2058 2047 2015 1977 1948 1931 1928 1921 1907 1888 1868 1833 1792 1763 1745 1737 1729 1723 1724 1721 1718 1719 1717 1714 1714 1714 1711 1709 1706 1699 1696 1695 1689 1684 1683 1680 1676 1672
 1907 1928 1957 1964 1957 1954 1965 1965 1964 1980 2009 2038 2071 2099 2124 2133 2128 2113 2101 2086 2067 2039 2027 2021 1996 1964 1929 1913 1923 1929 1906 1875 1849 1810 1788 1765 1755 1739 1730 1729 1729 1729 1728 1725 1724 1721 1719 1719 1717 1715 1712 1709 1705 1701 1699 1694 1687 1682 1677 1675
 1913 1925 1946 1974 1991 2001 2008 2001 1984 1977 1996 2031 2067 2102 2119 2119 2115 2093 2066 2043 2020 2013 1998 1984 1969 1941 1913 1889 1897 1918 1917 1902 1864 1811 1783 1757 1744 1744 1740 1735 1737 1735 1731 1732 1727 1727 1728 1726 1723 1722 1719 1717 1711 1710 1706 1697 1693 1686 1680 1677
 1942 1950 1946 1964 1996 2020 2032 2025 2003 1997 2008 2032 2064 2093 2100 2094 2082 2056 2025 1992 1973 1964 1947 1940 1934 1919 1899 1874 1862 1871 1887 1894 1859 1810 1777 1757 1752 1762 1752 1747 1745 1747 1747 1740 1733 1736 1740 1735 1735 1732 1726 1721 1718 1713 1707 1700 1693 1687 1683 1678
 1954 1979 1980 1974 1989 2016 2038 2045 2027 2017 2022 2032 2053 2074 2079 2069 2048 2022 2003 1979 1958 1931 1915 1905 1896 1886 1873 1856 1837 1825 1838 1845 1830 1788 1770 1762 1768 1774 1772 1763 1758 1758 1758 1750 1742 1745 1746 1744 1746 1739 1727 1719 1715 1712 1705 1699 1693 1688 1685 1678
 1969 2002 2020 2006 1998 2018 2044 2064 2060 2044 2047 2055 2061 2065 2057 2042 2035 2035 2035 2020 1972 1933 1913 1904 1889 1876 1867 1854 1835 1826 1817 1807 1798 1785 1784 1782 1794 1801 1801 1785 1771 1770 1765 1759 1758 1752 1750 1750 1747 1737 1734 1729 1716 1712 1706 1698 1693 1689 1685 1680
 1990 2030 2054 2045 2020 2027 2047 2062 2074 2084 2081 2079 2073 2062 2047 2048 2052 2043 2021 2005 1979 1945 1944 1949 1934 1920 1899 1872 1867 1862 1851 1834 1833 1826 1808 1805 1821 1832 1825 1806 1792 1789 1787 1782 1773 1765 1757 1752 1746 1745 1753 1743 1726 1713 1704 1697 1693 1689 1683 1679
 2016 2049 2074 2069 2051 2047 2067 2085 2095 2099 2094 2087 2080 2070 2059 2065 2070 2052 2030 2018 1997 1971 1984 1989 1977 1952 1915 1890 1889 1902 1899 1890 1881 1857 1834 1829 1841 1841 1829 1819 1809 1804 1813 1809 1792 1772 1766 1760 1765 1772 1772 1763 1741 1716 1705 1701 1697 1698 1685 1680
 2049 2061 2089 2102 2091 2074 2089 2115 2127 2121 2116 2114 2100 2085 2070 2068 2078 2066 2060 2053 2028 2007 2012 2025 2009 1983 1949 1916 1908 1924 1931 1906 1889 1871 1866 1862 1864 1861 1840 1826 1825 1835 1833 1815 1793 1775 1768 1779 1788 1788 1780 1764 1741 1715 1712 1716 1716 1715 1706 1685
 2090 2089 2108 2130 2137 2126 2129 2151 2155 2146 2144 2139 2118 2094 2068 2072 2091 2089 2090 2084 2061 2039 2027 2043 2036 2004 1978 1951 1940 1940 1936 1923 1916 1915 1907 1894 1887 1873 1854 1843 1849 1847 1834 1813 1795 1777 1784 1799 1800 1788 1767 1747 1735 1722 1726 1735 1740 1730 1714 1698
 2127 2132 2145 2166 2177 2172 2169 2172 2173 2160 2146 2123 2103 2082 2073 2081 2099 2113 2122 2118 2088 2073 2049 2059 2072 2057 2024 1995 1978 1977 1980 1977 1968 1967 1955 1924 1894 1875 1861 1862 1862 1847 1826 1811 1794 1791 1809 1808 1798 1781 1755 1739 1730 1736 1747 1751 1755 1743 1723 1707
 2180 2188 2196 2203 2203 2194 2178 2165 2151 2138 2119 2102 2089 2093 2103 2099 2100 2117 2136 2134 2107 2081 2067 2085 2116 2102 2070 2037 2016 2020 2028 2040 2031 2009 1975 1932 1907 1897 1885 1877 1864 1844 1824 1804 1806 1819 1820 1804 1782 1763 1743 1742 1752 1768 1773 1771 1770 1762 1736 1712
 2220 2231 2226 2218 2206 2192 2172 2155 2140 2128 2123 2107 2101 2123 2142 2133 2118 2115 2126 2127 2107 2086 2084 2097 2127 2136 2110 2075 2056 2066 2085 2101 2089 2031 1974 1946 1923 1905 1887 1871 1853 1833 1824 1823 1834 1832 1822 1805 1780 1759 1751 1765 1782 1788 1784 1779 1775 1768 1745 1716
 2239 2241 2231 2220 2208 2195 2183 2169 2154 2140 2122 2107 2125 2150 2161 2160 2145 2137 2129 2135 2120 2109 2125 2129 2147 2162 2140 2101 2095 2113 2143 2152 2099 2038 2001 1962 1925 1898 1884 1868 1847 1839 1841 1847 1845 1837 1825 1810 1781 1766 1776 1792 1799 1794 1784 1781 1772 1753 1733 1714
 2257 2253 2245 2231 2224 2214 2201 2185 2167 2144 2119 2127 2153 2167 2171 2178 2171 2157 2148 2154 2138 2132 2154 2180 2193 2198 2179 2149 2142 2153 2173 2161 2119 2062 2008 1963 1928 1909 1885 1867 1862 1866 1863 1858 1848 1840 1829 1809 1782 1781 1803 1808 1802 1797 1786 1771 1752 1738 1722 1709
 2264 2261 2249 2239 2232 2225 2204 2182 2163 2142 2129 2136 2147 2165 2182 2194 2190 2178 2174 2173 2150 2148 2180 2213 2239 2243 2227 2214 2191 2158 2143 2127 2104 2058 2008 1974 1945 1922 1895 1882 1888 1884 1877 1866 1856 1844 1830 1810 1808 1813 1817 1811 1804 1792 1775 1752 1737 1727 1718 1716
 2270 2262 2255 2245 2230 2211 2193 2170 2153 2143 2138 2143 2153 2166 2184 2204 2217 2218 2210 2191 2169 2161 2189 2221 2258 2276 2267 2245 2204 2166 2141 2123 2088 2055 2016 1993 1960 1920 1904 1907 1902 1892 1887 1871 1863 1851 1837 1828 1828 1827 1821 1814 1804 1788 1762 1743 1732 1726 1721 1718
 2274 2269 2263 2249 2232 2203 2177 2165 2165 2158 2161 2165 2165 2177 2185 2201 2224 2240 2241 2230 2211 2193 2192 2217 2254 2285 2284 2265 2231 2213 2183 2156 2136 2098 2023 1987 1950 1929 1928 1921 1907 1896 1886 1872 1866 1858 1854 1847 1837 1830 1820 1813 1800 1782 1763 1743 1734 1731 1728 1728
 2282 2273 2259 2241 2215 2193 2181 2185 2181 2178 2191 2193 2181 2195 2208 2210 2216 2240 2264 2265 2244 2227 2219 2232 2267 2302 2309 2285 2250 2228 2203 2161 2128 2074 2024 1973 1958 1963 1949 1926 1915 1903 1894 1883 1873 1866 1856 1845 1823 1814 1809 1790 1776 1759 1751 1743 1740 1738 1740 1741
 2291 2272 2247 2228 2215 2207 2212 2209 2196 2202 2223 2221 2207 2217 2238 2241 2234 2241 2264 2284 2277 2275 2270 2267 2293 2328 2313 2275 2246 2212 2180 2131 2099 2043 2014 1999 1995 1992 1960 1937 1920 1909 1894 1878 1859 1847 1831 1818 1801 1790 1779 1769 1765 1761 1759 1756 1754 1750 1748 1746
 2305 2280 2253 2245 2256 2248 2242 2233 2219 2215 2245 2255 2244 2245 2267 2276 2272 2272 2282 2304 2321 2330 2324 2310 2321 2350 2337 2296 2262 2230 2193 2161 2118 2077 2053 2040 2020 1991 1948 1921 1896 1884 1865 1851 1833 1818 1805 1801 1798 1788 1787 1787 1788 1786 1782 1776 1769 1762 1757 1754
 2321 2300 2282 2283 2297 2284 2267 2259 2242 2239 2262 2283 2279 2281 2301 2314 2321 2315 2321 2336 2361 2380 2374 2359 2369 2380 2361 2331 2303 2277 2240 2204 2147 2116 2079 2042 2002 1973 1941 1913 1888 1869 1853 1840 1823 1814 1821 1825 1828 1819 1813 1800 1796 1788 1782 1774 1769 1765 1760 1756
 2336 2325 2310 2316 2329 2319 2303 2294 2272 2273 2290 2309 2306 2307 2328 2341 2349 2361 2372 2382 2402 2426 2422 2405 2408 2409 2400 2380 2352 2320 2282 2233 2187 2125 2080 2039 2007 1989 1958 1925 1902 1892 1886 1864 1836 1830 1842 1841 1833 1817 1807 1800 1795 1790 1780 1774 1772 1771 1763 1755
 2337 2335 2329 2329 2332 2333 2336 2328 2313 2314 2323 2335 2329 2327 2327 2334 2345 2364 2380 2397 2417 2443 2462 2443 2412 2396 2391 2387 2365 2344 2314 2257 2196 2135 2097 2067 2039 1990 1965 1945 1933 1916 1902 1873 1847 1841 1851 1842 1830 1817 1810 1802 1791 1788 1785 1786 1784 1780 1779 1772
 2327 2319 2320 2317 2321 2332 2342 2341 2331 2324 2330 2332 2325 2318 2317 2328 2338 2350 2364 2379 2401 2432 2457 2446 2395 2358 2339 2329 2333 2330 2313 2275 2238 2161 2119 2069 2032 2000 2003 1988 1954 1927 1915 1886 1858 1856 1862 1848 1831 1823 1816 1809 1803 1797 1796 1808 1811 1807 1803 1792
 2306 2300 2301 2305 2312 2325 2333 2324 2320 2312 2310 2316 2309 2299 2308 2317 2319 2333 2348 2363 2382 2412 2441 2426 2379 2337 2300 2279 2286 2293 2297 2277 2244 2187 2121 2083 2063 2047 2036 1997 1966 1941 1925 1904 1876 1865 1872 1855 1846 1834 1822 1816 1813 1809 1816 1833 1840 1838 1831 1814
 2292 2285 2285 2287 2301 2314 2314 2313 2312 2296 2294 2302 2293 2291 2302 2302 2310 2332 2336 2337 2361 2393 2424 2422 2356 2317 2269 2235 2223 2229 2240 2242 2233 2190 2148 2118 2099 2061 2033 1996 1965 1943 1916 1902 1880 1881 1892 1866 1848 1840 1831 1823 1826 1837 1850 1853 1848 1842 1838 1825
 2316 2302 2291 2282 2284 2292 2299 2304 2296 2283 2285 2285 2270 2274 2284 2303 2318 2321 2310 2309 2341 2375 2403 2411 2368 2304 2253 2217 2186 2176 2185 2191 2204 2173 2124 2105 2073 2030 1995 1969 1939 1920 1901 1888 1890 1910 1911 1880 1859 1847 1841 1837 1846 1861 1860 1855 1851 1848 1838 1817
 2334 2328 2315 2292 2270 2269 2282 2287 2275 2264 2277 2272 2253 2264 2283 2299 2298 2289 2285 2301 2330 2361 2393 2412 2381 2317 2260 2219 2183 2152 2137 2133 2124 2112 2092 2056 2032 1995 1965 1952 1945 1930 1909 1894 1905 1919 1922 1899 1870 1864 1866 1866 1868 1869 1864 1860 1853 1835 1818 1800
 2338 2332 2318 2303 2288 2269 2258 2256 2249 2250 2258 2252 2242 2259 2272 2277 2269 2274 2291 2316 2342 2363 2384 2411 2401 2339 2278 2232 2197 2159 2126 2104 2090 2079 2071 2058 2036 2018 2006 1999 1979 1942 1910 1892 1897 1897 1907 1906 1882 1872 1880 1876 1869 1865 1865 1855 1832 1812 1791 1777
 2337 2328 2321 2306 2290 2272 2259 2263 2261 2252 2241 2233 2231 2239 2251 2252 2252 2284 2313 2320 2318 2330 2353 2389 2403 2363 2300 2247 2218 2189 2158 2142 2129 2121 2124 2113 2084 2060 2030 1990 1967 1940 1906 1886 1876 1870 1882 1896 1875 1853 1854 1852 1841 1836 1836 1823 1807 1786 1774 1761
 2338 2333 2326 2313 2299 2281 2283 2294 2294 2287 2271 2254 2233 2225 2226 2231 2254 2287 2299 2284 2279 2295 2328 2375 2405 2392 2335 2295 2262 2232 2214 2198 2189 2187 2182 2145 2095 2070 2029 1999 1979 1944 1919 1899 1874 1853 1850 1859 1849 1831 1825 1821 1810 1808 1807 1802 1795 1782 1771 1760
 2324 2323 2318 2319 2312 2307 2306 2317 2315 2298 2276 2268 2257 2237 2219 2226 2254 2268 2256 2244 2255 2282 2319 2362 2401 2401 2350 2314 2271 2223 2202 2194 2202 2218 2201 2165 2125 2073 2034 1987 1961 1939 1915 1902 1875 1845 1835 1838 1830 1818 1806 1799 1789 1792 1793 1795 1805 1797 1777 1762
 2303 2303 2313 2328 2332 2332 2333 2331 2319 2306 2286 2266 2256 2237 2216 2209 2224 2227 2220 2218 2245 2282 2316 2338 2359 2376 2357 2310 2251 2194 2161 2145 2156 2176 2175 2159 2126 2081 2038 1990 1958 1935 1912 1884 1858 1845 1852 1868 1861 1839 1819 1804 1794 1786 1778 1788 1803 1799 1778 1763
 2290 2289 2309 2325 2332 2337 2340 2340 2333 2314 2294 2269 2244 2225 2209 2197 2199 2193 2190 2208 2245 2277 2294 2292 2302 2319 2321 2305 2252 2151 2128 2105 2106 2118 2128 2120 2091 2065 2016 1984 1961 1932 1902 1870 1857 1865 1882 1902 1896 1853 1832 1827 1817 1807 1787 1776 1776 1773 1761 1753
 2288 2274 2287 2306 2325 2331 2334 2329 2327 2320 2304 2288 2265 2241 2221 2198 2190 2176 2174 2196 2221 2248 2259 2248 2246 2261 2274 2267 2211 2157 2122 2076 2064 2061 2051 2043 2036 2016 1986 1953 1933 1910 1889 1885 1882 1885 1905 1930 1915 1877 1852 1849 1842 1831 1810 1789 1776 1767 1764 1761
 2286 2262 2262 2279 2301 2311 2318 2311 2314 2320 2310 2301 2281 2269 2259 2237 2215 2182 2163 2166 2180 2200 2212 2204 2195 2208 2214 2212 2197 2165 2124 2080 2045 2031 2018 2005 1993 1980 1973 1962 1954 1943 1936 1927 1901 1895 1915 1940 1924 1889 1866 1859 1851 1844 1831 1817 1802 1785 1781 1781
 2261 2245 2239 2253 2274 2293 2301 2289 2291 2298 2290 2281 2272 2274 2281 2258 2222 2193 2172 2156 2150 2163 2163 2154 2150 2164 2164 2150 2148 2134 2097 2059 2038 2025 2021 2021 2021 2023 2026 2016 2011 2002 1978 1948 1922 1912 1926 1950 1935 1897 1874 1864 1855 1845 1836 1829 1814 1796 1793 1791
