lessons/landlab/landlab/DEMData/NASADEM_39.93_-105.33_40.0_-105.26.asc
ncols        252
nrows        252
xllcorner    -105.330138888879
yllcorner    39.930138888886
cellsize     0.000277777778
NODATA_value -32768
[rows 0 to 37 of 252, columns 168 to 251 of 252]
1721 1720 1721 1722 1723 1724 1724 1723 1722 1721 1719 1718 1718 1718 1718 1717 1716 1715 1714 1713 1715 1714 1711 1707 1705 1704 1704 1705 1706 1705 1703 1699 1695 1692 1691 1691 1690 1687 1684 1682 1680 1677 1675 1674 1673 1672 1672 1671 1669 1666 1664 1663 1662 1661 1660 1658 1657 1655 1654 1653 1653 1652 1651 1651 1653 1652 1650 1648 1647 1646 1645 1644 1645 1645 1644 1642 1641 1640 1641 1641 1640 1639 1637 1637
1723 1721 1722 1724 1726 1728 1728 1726 1725 1723 1723 1722 1721 1721 1720 1719 1718 1719 1718 1718 1717 1716 1713 1710 1708 1707 1707 1707 1707 1705 1702 1699 1697 1694 1694 1693 1691 1688 1685 1683 1681 1679 1677 1676 1674 1672 1670 1670 1668 1666 1664 1663 1662 1661 1660 1659 1658 1656 1655 1654 1654 1654 1654 1653 1654 1654 1652 1650 1649 1648 1646 1645 1645 1645 1644 1642 1641 1640 1640 1641 1640 1639 1637 1637
1725 1723 1725 1727 1729 1732 1733 1731 1728 1728 1728 1727 1726 1725 1724 1723 1722 1721 1722 1721 1719 1717 1715 1714 1713 1712 1710 1709 1706 1703 1702 1700 1698 1696 1694 1692 1690 1688 1686 1683 1681 1679 1678 1677 1675 1672 1670 1670 1669 1668 1666 1665 1664 1663 1662 1660 1658 1657 1656 1655 1656 1656 1655 1654 1654 1654 1652 1650 1650 1650 1649 1647 1646 1644 1643 1643 1641 1639 1639 1638 1638 1637 1636 1636
1726 1728 1729 1731 1733 1735 1737 1736 1734 1731 1730 1730 1730 1730 1730 1728 1725 1722 1721 1720 1718 1717 1715 1714 1714 1713 1711 1709 1706 1704 1702 1700 1698 1696 1693 1690 1688 1687 1685 1682 1680 1679 1678 1677 1675 1673 1671 1670 1670 1669 1668 1666 1664 1663 1663 1661 1660 1658 1658 1657 1657 1656 1655 1654 1654 1654 1653 1651 1651 1651 1650 1647 1644 1643 1643 1642 1641 1639 1638 1637 1637 1637 1637 1637
1733 1732 1733 1734 1736 1737 1738 1738 1735 1731 1731 1733 1734 1734 1734 1731 1728 1723 1721 1719 1717 1715 1714 1714 1713 1711 1710 1708 1706 1705 1702 1700 1698 1695 1692 1688 1687 1686 1684 1681 1680 1680 1678 1677 1676 1674 1673 1672 1671 1670 1668 1666 1665 1664 1663 1662 1660 1659 1657 1656 1655 1654 1654 1653 1653 1654 1653 1652 1651 1650 1649 1647 1646 1644 1644 1642 1641 1639 1638 1637 1637 1638 1639 1638
1736 1734 1735 1737 1737 1737 1738 1738 1736 1734 1735 1738 1738 1738 1735 1734 1729 1726 1722 1719 1716 1714 1714 1713 1713 1711 1709 1708 1707 1704 1702 1699 1697 1694 1691 1689 1688 1685 1683 1682 1681 1681 1679 1677 1676 1675 1674 1673 1672 1671 1669 1668 1667 1665 1664 1664 1662 1658 1655 1654 1653 1652 1652 1652 1651 1651 1651 1649 1649 1648 1648 1647 1647 1647 1645 1642 1640 1640 1639 1638 1638 1638 1639 1639
1737 1737 1738 1740 1740 1740 1741 1741 1740 1739 1739 1741 1742 1740 1738 1735 1731 1726 1723 1719 1716 1715 1713 1713 1711 1708 1708 1707 1706 1703 1699 1697 1695 1694 1691 1689 1687 1685 1683 1683 1684 1683 1681 1677 1675 1673 1673 1672 1672 1671 1670 1668 1668 1666 1666 1665 1663 1659 1656 1654 1653 1653 1652 1652 1650 1649 1648 1647 1645 1646 1647 1648 1648 1647 1645 1643 1641 1641 1640 1639 1637 1637 1638 1638
1740 1739 1741 1742 1743 1743 1743 1743 1743 1742 1742 1743 1744 1742 1740 1736 1732 1727 1723 1720 1718 1715 1712 1710 1709 1707 1707 1707 1707 1704 1700 1697 1695 1694 1692 1689 1686 1683 1683 1684 1685 1685 1681 1677 1673 1672 1672 1672 1670 1669 1667 1667 1666 1666 1665 1664 1662 1660 1658 1657 1656 1656 1655 1653 1651 1649 1648 1646 1645 1644 1646 1648 1648 1648 1647 1645 1642 1641 1641 1639 1637 1637 1637 1637
1744 1743 1742 1744 1745 1745 1745 1744 1744 1744 1745 1745 1744 1741 1738 1735 1731 1728 1725 1722 1721 1719 1714 1712 1710 1708 1707 1708 1708 1707 1702 1697 1696 1695 1692 1689 1687 1686 1685 1684 1685 1684 1680 1676 1674 1673 1673 1671 1669 1667 1666 1665 1665 1665 1665 1663 1662 1660 1659 1659 1658 1658 1655 1653 1651 1650 1648 1649 1648 1648 1648 1649 1648 1649 1650 1647 1644 1643 1641 1639 1637 1636 1637 1637
1754 1750 1748 1748 1748 1748 1746 1745 1744 1745 1746 1745 1742 1738 1734 1732 1730 1729 1728 1728 1727 1726 1721 1715 1712 1708 1706 1707 1708 1706 1701 1697 1695 1693 1691 1689 1688 1687 1685 1684 1684 1682 1680 1677 1675 1675 1675 1672 1670 1669 1667 1666 1665 1666 1666 1664 1661 1660 1660 1659 1659 1657 1656 1654 1653 1652 1651 1651 1652 1652 1651 1650 1649 1649 1650 1649 1648 1645 1643 1641 1639 1639 1639 1640
1761 1759 1754 1753 1752 1749 1747 1746 1745 1745 1744 1743 1740 1737 1733 1731 1731 1732 1734 1735 1734 1731 1725 1718 1712 1708 1706 1706 1705 1702 1700 1696 1693 1691 1690 1689 1689 1687 1686 1683 1682 1681 1681 1678 1677 1677 1676 1673 1671 1671 1670 1668 1667 1667 1666 1664 1662 1660 1660 1660 1659 1658 1656 1656 1655 1654 1654 1653 1652 1652 1651 1650 1649 1649 1649 1649 1649 1648 1645 1643 1641 1641 1641 1641
1764 1761 1759 1758 1755 1752 1749 1748 1748 1747 1744 1742 1740 1737 1735 1733 1733 1737 1742 1743 1739 1734 1729 1722 1715 1711 1709 1706 1704 1702 1699 1696 1693 1691 1691 1691 1690 1689 1687 1685 1683 1681 1679 1677 1676 1676 1674 1672 1671 1671 1670 1668 1666 1666 1665 1663 1661 1660 1660 1661 1660 1658 1658 1656 1656 1656 1656 1655 1653 1652 1651 1651 1649 1648 1648 1648 1648 1647 1645 1643 1643 1642 1642 1641
1764 1764 1763 1761 1758 1755 1753 1752 1750 1748 1745 1742 1741 1740 1740 1739 1740 1742 1749 1748 1743 1738 1733 1727 1721 1716 1712 1708 1705 1701 1699 1697 1694 1692 1692 1690 1688 1687 1687 1685 1683 1680 1677 1675 1674 1674 1673 1671 1670 1670 1669 1667 1666 1666 1665 1663 1661 1660 1660 1660 1660 1659 1657 1656 1655 1655 1656 1656 1654 1653 1653 1652 1650 1648 1647 1647 1648 1646 1643 1644 1644 1643 1643 1641
1777 1773 1768 1763 1760 1758 1757 1755 1752 1748 1745 1744 1745 1747 1749 1749 1750 1752 1758 1755 1749 1743 1737 1731 1726 1719 1715 1710 1705 1701 1699 1698 1696 1694 1692 1690 1688 1685 1685 1685 1683 1680 1678 1677 1676 1674 1673 1672 1671 1669 1668 1667 1666 1666 1665 1664 1663 1662 1660 1659 1658 1658 1657 1656 1654 1654 1655 1655 1653 1652 1651 1650 1648 1648 1648 1648 1648 1647 1645 1643 1643 1643 1643 1642
1784 1780 1772 1764 1762 1761 1761 1758 1753 1749 1748 1748 1752 1757 1758 1759 1760 1761 1761 1760 1756 1752 1747 1743 1735 1724 1718 1711 1705 1701 1699 1698 1695 1694 1694 1692 1689 1685 1683 1683 1681 1681 1680 1679 1677 1676 1674 1673 1671 1670 1668 1667 1665 1665 1665 1665 1664 1663 1660 1657 1657 1656 1657 1657 1656 1655 1655 1654 1652 1650 1649 1648 1648 1648 1649 1649 1649 1648 1646 1644 1644 1644 1644 1643
1788 1780 1773 1767 1764 1763 1762 1759 1756 1754 1755 1758 1759 1763 1766 1768 1769 1767 1766 1764 1763 1761 1758 1749 1738 1728 1718 1711 1706 1702 1699 1697 1696 1695 1696 1695 1692 1689 1689 1692 1692 1686 1684 1678 1676 1676 1674 1673 1672 1671 1669 1667 1666 1666 1665 1665 1664 1663 1660 1658 1657 1656 1657 1658 1658 1657 1656 1654 1652 1651 1649 1649 1649 1649 1650 1651 1651 1649 1646 1645 1645 1647 1646 1646
1788 1780 1772 1767 1764 1763 1761 1759 1759 1759 1764 1766 1767 1769 1772 1774 1776 1776 1773 1771 1767 1764 1758 1746 1737 1725 1714 1710 1706 1703 1702 1701 1700 1700 1699 1699 1699 1700 1703 1707 1703 1696 1687 1679 1676 1676 1674 1673 1672 1672 1671 1671 1671 1670 1667 1664 1663 1662 1660 1659 1658 1657 1658 1659 1659 1659 1658 1656 1654 1652 1651 1651 1651 1651 1652 1652 1652 1651 1648 1646 1646 1648 1649 1647
1785 1779 1773 1768 1765 1762 1760 1759 1759 1765 1771 1773 1774 1775 1778 1779 1781 1779 1777 1773 1770 1764 1756 1743 1734 1724 1713 1707 1706 1706 1706 1706 1706 1705 1704 1704 1707 1709 1711 1711 1707 1699 1693 1686 1680 1676 1675 1673 1672 1671 1673 1676 1679 1676 1669 1664 1662 1661 1662 1663 1661 1660 1659 1660 1660 1660 1660 1657 1655 1654 1653 1653 1652 1653 1653 1653 1653 1651 1648 1647 1646 1647 1649 1648
1787 1781 1776 1771 1767 1763 1762 1763 1766 1772 1777 1780 1782 1783 1784 1784 1782 1780 1775 1772 1767 1761 1751 1743 1736 1726 1714 1708 1705 1706 1708 1711 1711 1711 1710 1711 1712 1712 1710 1710 1710 1707 1703 1695 1685 1679 1677 1674 1671 1670 1672 1676 1680 1677 1670 1666 1665 1665 1666 1666 1665 1662 1662 1662 1662 1661 1659 1657 1654 1654 1655 1654 1654 1654 1654 1654 1653 1651 1649 1646 1645 1646 1648 1648
1789 1784 1778 1771 1765 1763 1767 1772 1777 1783 1784 1787 1789 1789 1787 1785 1783 1778 1773 1768 1762 1756 1747 1742 1741 1731 1719 1710 1707 1706 1710 1714 1717 1717 1718 1718 1717 1715 1713 1714 1717 1716 1713 1701 1691 1686 1682 1677 1672 1670 1670 1673 1675 1676 1674 1671 1669 1668 1668 1668 1667 1665 1665 1664 1663 1660 1657 1654 1655 1655 1655 1655 1655 1655 1655 1655 1654 1652 1650 1647 1645 1645 1647 1647
1789 1783 1777 1770 1766 1767 1772 1779 1786 1788 1790 1792 1794 1793 1787 1783 1779 1776 1768 1762 1755 1749 1742 1737 1736 1729 1719 1714 1711 1712 1714 1719 1722 1724 1726 1727 1727 1723 1720 1720 1719 1717 1710 1703 1696 1690 1686 1682 1677 1674 1672 1673 1675 1676 1676 1673 1670 1668 1668 1668 1668 1667 1667 1666 1663 1660 1656 1655 1656 1657 1657 1656 1656 1655 1656 1656 1656 1654 1652 1650 1647 1646 1647 1646
1791 1784 1776 1772 1770 1772 1778 1786 1791 1795 1795 1796 1796 1795 1789 1781 1776 1770 1763 1754 1748 1742 1736 1734 1731 1725 1720 1717 1718 1718 1720 1723 1727 1730 1734 1737 1737 1733 1728 1723 1721 1714 1709 1705 1700 1694 1688 1684 1684 1682 1678 1676 1676 1677 1676 1673 1671 1670 1668 1668 1668 1668 1668 1667 1665 1662 1659 1657 1658 1659 1659 1658 1656 1655 1656 1657 1657 1656 1655 1652 1650 1648 1648 1648
1791 1784 1779 1777 1776 1781 1786 1791 1797 1800 1799 1796 1797 1796 1791 1783 1775 1764 1755 1750 1743 1737 1734 1731 1727 1723 1720 1721 1723 1726 1727 1729 1732 1736 1739 1743 1744 1739 1734 1728 1722 1716 1710 1707 1703 1697 1691 1687 1686 1685 1681 1679 1677 1677 1676 1673 1672 1671 1669 1668 1668 1668 1670 1669 1668 1665 1661 1660 1661 1662 1661 1659 1657 1656 1656 1657 1657 1657 1656 1653 1651 1649 1648 1647
1790 1785 1782 1780 1784 1791 1798 1802 1803 1802 1800 1796 1794 1793 1788 1782 1771 1761 1754 1747 1739 1734 1731 1728 1725 1722 1723 1726 1730 1732 1734 1735 1739 1740 1744 1745 1745 1743 1738 1732 1726 1720 1714 1711 1705 1699 1693 1689 1686 1683 1681 1678 1676 1675 1675 1674 1673 1672 1671 1670 1670 1671 1671 1671 1669 1665 1662 1660 1661 1663 1663 1661 1659 1657 1657 1657 1658 1658 1657 1655 1653 1652 1650 1648
1791 1786 1783 1784 1791 1799 1805 1808 1806 1803 1799 1796 1794 1790 1785 1778 1767 1758 1752 1745 1738 1734 1730 1727 1725 1724 1727 1731 1735 1737 1738 1741 1742 1744 1747 1750 1751 1748 1743 1736 1730 1725 1721 1714 1709 1702 1698 1692 1686 1683 1680 1679 1677 1677 1677 1675 1674 1674 1673 1672 1672 1672 1671 1669 1666 1662 1659 1659 1661 1663 1663 1663 1661 1658 1658 1658 1660 1660 1658 1656 1655 1655 1652 1651
1789 1786 1787 1794 1802 1809 1813 1813 1809 1804 1798 1794 1792 1786 1779 1770 1760 1752 1746 1741 1736 1732 1728 1726 1726 1729 1734 1736 1743 1748 1751 1751 1750 1751 1755 1758 1758 1756 1751 1746 1739 1732 1723 1717 1711 1706 1700 1693 1687 1682 1681 1680 1681 1681 1680 1678 1676 1675 1674 1673 1671 1669 1668 1667 1664 1662 1660 1662 1663 1663 1663 1662 1661 1660 1659 1658 1658 1658 1657 1656 1656 1654 1652 1651
1792 1794 1798 1806 1813 1816 1818 1814 1809 1802 1796 1790 1784 1779 1772 1764 1756 1747 1741 1738 1736 1732 1731 1732 1736 1740 1745 1751 1756 1762 1763 1761 1760 1760 1763 1764 1762 1761 1759 1755 1745 1732 1725 1719 1714 1708 1700 1694 1688 1684 1683 1683 1682 1681 1679 1679 1677 1675 1673 1672 1670 1668 1666 1666 1666 1665 1665 1665 1665 1664 1662 1662 1662 1661 1659 1658 1656 1657 1660 1660 1659 1655 1650 1650
1801 1807 1812 1817 1818 1818 1816 1813 1806 1800 1792 1784 1775 1770 1765 1759 1749 1742 1738 1736 1734 1735 1737 1745 1749 1754 1759 1763 1768 1769 1768 1766 1765 1766 1767 1766 1765 1764 1762 1756 1746 1737 1730 1725 1717 1707 1699 1694 1690 1687 1685 1684 1681 1677 1676 1675 1675 1674 1673 1672 1672 1670 1669 1668 1667 1667 1667 1667 1667 1664 1661 1662 1662 1662 1660 1657 1657 1659 1663 1664 1662 1655 1651 1649
1812 1819 1822 1824 1822 1819 1816 1811 1805 1797 1791 1780 1771 1766 1761 1754 1747 1741 1738 1737 1739 1742 1748 1753 1757 1762 1768 1773 1774 1773 1773 1772 1770 1770 1770 1768 1767 1767 1766 1761 1754 1745 1738 1730 1720 1708 1698 1694 1691 1688 1686 1685 1681 1678 1676 1675 1675 1675 1675 1675 1674 1674 1672 1671 1670 1669 1668 1669 1668 1665 1664 1663 1663 1662 1661 1658 1658 1660 1662 1663 1659 1656 1651 1650
1823 1826 1827 1827 1825 1820 1817 1812 1805 1800 1793 1782 1773 1767 1760 1753 1747 1743 1742 1744 1748 1752 1759 1765 1770 1774 1776 1778 1779 1778 1777 1775 1775 1774 1773 1770 1768 1768 1767 1764 1758 1748 1742 1734 1721 1711 1702 1696 1692 1690 1688 1685 1682 1680 1678 1677 1677 1677 1677 1677 1676 1675 1674 1673 1671 1670 1670 1669 1669 1668 1666 1665 1664 1663 1661 1659 1657 1657 1659 1658 1656 1654 1653 1652
1831 1831 1830 1828 1824 1821 1818 1814 1808 1803 1794 1783 1774 1766 1759 1753 1748 1747 1748 1751 1756 1760 1767 1773 1778 1779 1781 1783 1784 1782 1780 1778 1775 1775 1773 1771 1770 1769 1768 1765 1759 1752 1744 1732 1720 1710 1703 1698 1694 1691 1687 1685 1683 1682 1681 1681 1680 1679 1679 1678 1678 1676 1675 1674 1673 1673 1672 1671 1670 1669 1668 1666 1664 1662 1661 1659 1658 1657 1658 1658 1657 1656 1655 1655
1838 1835 1832 1828 1824 1821 1818 1815 1810 1801 1793 1786 1777 1768 1761 1756 1752 1751 1752 1755 1760 1767 1773 1780 1783 1784 1785 1787 1787 1784 1781 1778 1776 1774 1775 1773 1772 1771 1767 1764 1757 1750 1738 1728 1719 1711 1706 1702 1698 1693 1689 1686 1684 1684 1684 1683 1682 1680 1680 1680 1679 1678 1676 1675 1674 1674 1674 1673 1672 1670 1669 1667 1664 1662 1661 1660 1659 1659 1659 1660 1660 1660 1659 1658
1841 1837 1833 1828 1825 1822 1819 1815 1811 1804 1795 1786 1777 1766 1761 1759 1758 1758 1760 1763 1770 1776 1781 1787 1790 1789 1788 1787 1787 1784 1779 1778 1776 1776 1774 1773 1772 1768 1763 1756 1750 1741 1733 1725 1719 1713 1708 1704 1700 1695 1689 1687 1686 1685 1683 1683 1682 1680 1680 1680 1679 1678 1677 1675 1675 1675 1675 1674 1673 1672 1671 1669 1666 1662 1661 1661 1660 1660 1661 1661 1662 1663 1663 1661
1840 1837 1834 1831 1827 1824 1820 1816 1813 1807 1798 1788 1775 1765 1761 1761 1763 1766 1772 1777 1783 1787 1791 1794 1796 1796 1792 1790 1787 1783 1778 1777 1777 1777 1775 1771 1767 1763 1754 1747 1739 1735 1728 1722 1716 1709 1704 1701 1698 1694 1690 1689 1688 1687 1685 1683 1682 1681 1681 1681 1680 1679 1678 1677 1677 1676 1675 1675 1674 1674 1674 1672 1668 1664 1661 1660 1660 1660 1661 1661 1663 1664 1663 1661
1840 1838 1837 1835 1831 1826 1822 1818 1813 1807 1797 1786 1776 1767 1761 1764 1768 1773 1781 1789 1794 1798 1797 1798 1796 1795 1793 1789 1788 1783 1778 1776 1778 1777 1773 1767 1762 1756 1749 1741 1736 1731 1725 1718 1712 1707 1702 1697 1695 1693 1692 1692 1692 1692 1690 1686 1685 1683 1683 1682 1682 1682 1681 1680 1679 1678 1677 1677 1677 1677 1676 1673 1668 1664 1661 1660 1659 1659 1660 1662 1662 1662 1662 1661
1842 1839 1839 1838 1834 1827 1823 1819 1814 1806 1796 1786 1773 1765 1763 1767 1773 1782 1792 1798 1802 1802 1801 1798 1795 1793 1791 1789 1788 1786 1782 1779 1778 1774 1766 1758 1754 1751 1744 1740 1733 1728 1723 1717 1711 1706 1700 1697 1695 1694 1694 1693 1693 1694 1691 1689 1685 1684 1683 1684 1684 1683 1682 1680 1680 1679 1679 1679 1679 1678 1674 1670 1667 1665 1664 1663 1663 1661 1660 1659 1657 1658 1658 1659
1843 1839 1836 1836 1831 1827 1824 1821 1814 1805 1794 1784 1774 1768 1768 1774 1783 1793 1802 1805 1804 1804 1803 1800 1796 1794 1793 1791 1790 1787 1782 1777 1773 1766 1758 1751 1746 1743 1739 1733 1728 1722 1718 1713 1708 1703 1700 1698 1699 1698 1696 1693 1693 1692 1691 1688 1685 1684 1684 1685 1685 1684 1681 1678 1677 1677 1678 1679 1678 1677 1674 1671 1670 1669 1669 1669 1669 1666 1662 1658 1655 1654 1655 1657
1846 1840 1835 1834 1831 1828 1825 1821 1814 1803 1794 1786 1781 1782 1782 1785 1793 1800 1806 1809 1807 1804 1803 1802 1798 1797 1797 1794 1791 1785 1779 1771 1764 1759 1752 1745 1741 1738 1733 1727 1721 1717 1712 1709 1706 1704 1703 1702 1702 1701 1697 1694 1692 1692 1691 1688 1686 1684 1684 1686 1686 1685 1682 1679 1676 1677 1677 1677 1678 1677 1676 1674 1673 1673 1673 1673 1672 1669 1665 1661 1658 1656 1656 1657
