lessons/landlab/landlab/DEMData/NASADEM_39.93_-105.33_40.0_-105.26.asc
ncols        252
nrows        252
xllcorner    -105.330138888879
yllcorner    39.930138888886
cellsize     0.000277777778
NODATA_value -32768
[rows 190 to 227 of 252, columns 84 to 167 of 252]
2266 2281 2298 2305 2306 2300 2293 2284 2272 2258 2242 2227 2215 2207 2200 2196 2196 2197 2200 2205 2215 2222 2229 2240 2249 2253 2257 2259 2267 2277 2288 2302 2316 2327 2338 2349 2355 2363 2372 2372 2368 2351 2328 2298 2277 2269 2259 2246 2230 2218 2208 2201 2192 2179 2168 2158 2148 2138 2126 2115 2104 2094 2084 2075 2068 2062 2060 2060 2065 2073 2082 2094 2101 2104 2106 2106 2104 2102 2095 2085 2069 2056 2043 2030
2264 2278 2290 2298 2298 2294 2285 2270 2258 2248 2234 2219 2210 2202 2196 2191 2186 2187 2189 2192 2197 2205 2216 2226 2233 2238 2242 2248 2256 2267 2277 2288 2299 2310 2323 2331 2338 2344 2354 2364 2363 2353 2337 2323 2299 2279 2269 2257 2243 2229 2223 2217 2203 2190 2182 2172 2161 2145 2135 2127 2116 2103 2089 2078 2068 2058 2052 2048 2050 2054 2061 2067 2075 2083 2088 2089 2090 2091 2087 2080 2067 2054 2043 2029
2258 2271 2284 2290 2294 2291 2280 2263 2250 2239 2226 2216 2208 2199 2189 2180 2176 2176 2176 2178 2181 2192 2202 2214 2219 2222 2226 2233 2242 2252 2261 2266 2278 2294 2306 2317 2323 2327 2338 2350 2355 2356 2347 2339 2320 2298 2280 2271 2261 2246 2236 2226 2214 2204 2198 2189 2179 2168 2156 2142 2131 2113 2101 2089 2074 2061 2048 2042 2040 2042 2046 2050 2054 2062 2068 2072 2073 2075 2074 2068 2060 2049 2038 2025
2252 2265 2275 2283 2287 2284 2278 2264 2251 2238 2226 2214 2203 2194 2185 2177 2171 2165 2164 2166 2171 2178 2189 2195 2201 2207 2212 2218 2228 2236 2243 2251 2263 2278 2291 2301 2308 2314 2325 2335 2344 2352 2354 2346 2332 2312 2292 2281 2275 2258 2243 2234 2224 2220 2212 2204 2196 2188 2173 2160 2148 2134 2119 2102 2086 2065 2048 2038 2032 2031 2031 2033 2037 2045 2050 2052 2053 2055 2055 2053 2049 2040 2032 2022
2245 2255 2263 2271 2275 2278 2275 2270 2259 2246 2233 2218 2205 2193 2187 2179 2170 2158 2153 2151 2158 2167 2172 2177 2182 2189 2197 2205 2213 2221 2233 2244 2252 2263 2274 2285 2294 2303 2311 2321 2331 2341 2349 2345 2336 2322 2305 2294 2279 2268 2259 2248 2242 2239 2232 2219 2209 2197 2186 2172 2160 2145 2129 2109 2093 2075 2057 2043 2032 2027 2022 2020 2022 2026 2028 2031 2033 2033 2034 2035 2035 2032 2025 2018
2235 2242 2250 2259 2263 2267 2270 2269 2260 2251 2241 2226 2211 2198 2187 2176 2165 2155 2147 2145 2147 2152 2159 2163 2166 2173 2184 2192 2199 2207 2217 2230 2241 2246 2255 2266 2278 2289 2300 2310 2319 2333 2345 2346 2336 2327 2318 2306 2293 2280 2270 2263 2260 2256 2244 2231 2215 2206 2194 2182 2168 2150 2131 2116 2105 2088 2070 2056 2044 2032 2023 2014 2011 2010 2010 2009 2012 2015 2017 2019 2021 2021 2014 2008
2223 2232 2242 2248 2252 2255 2262 2263 2260 2253 2244 2230 2213 2196 2182 2172 2161 2151 2145 2140 2138 2142 2149 2153 2159 2166 2172 2179 2185 2192 2202 2212 2221 2233 2243 2250 2263 2278 2288 2297 2307 2323 2340 2348 2345 2333 2325 2317 2307 2297 2290 2284 2275 2268 2257 2245 2231 2215 2203 2191 2176 2161 2141 2127 2116 2100 2082 2067 2055 2042 2026 2016 2009 2004 1997 1993 1994 1995 1997 2000 2002 2004 2002 1999
2212 2220 2225 2232 2237 2240 2242 2246 2248 2244 2239 2229 2213 2197 2183 2170 2157 2147 2138 2133 2130 2131 2136 2142 2148 2155 2160 2164 2170 2179 2191 2203 2211 2218 2227 2237 2250 2266 2276 2286 2296 2309 2331 2346 2348 2345 2337 2331 2322 2314 2308 2303 2294 2282 2271 2261 2250 2231 2207 2189 2176 2167 2151 2132 2118 2101 2091 2078 2061 2046 2030 2018 2011 2003 1996 1990 1984 1984 1983 1982 1983 1986 1988 1988
2200 2204 2208 2212 2216 2220 2224 2224 2226 2230 2228 2222 2210 2196 2182 2167 2154 2141 2133 2126 2124 2124 2127 2130 2137 2144 2148 2153 2160 2169 2181 2190 2198 2205 2212 2221 2237 2253 2266 2277 2289 2306 2324 2339 2345 2347 2347 2343 2338 2329 2323 2319 2310 2297 2281 2271 2262 2234 2205 2189 2172 2167 2154 2144 2117 2106 2098 2088 2070 2053 2039 2025 2013 2005 1999 1995 1989 1981 1975 1972 1971 1973 1975 1977
2186 2189 2193 2195 2198 2203 2206 2209 2208 2208 2211 2211 2204 2194 2180 2166 2152 2138 2129 2121 2118 2117 2118 2124 2129 2134 2138 2143 2151 2160 2170 2177 2183 2190 2199 2212 2225 2242 2256 2268 2279 2298 2317 2331 2343 2349 2353 2351 2348 2342 2338 2333 2324 2309 2296 2283 2273 2230 2183 2175 2169 2167 2163 2147 2121 2112 2105 2092 2073 2060 2048 2033 2020 2009 2004 1999 1992 1983 1976 1970 1965 1963 1963 1963
2169 2170 2173 2179 2182 2185 2191 2193 2194 2196 2198 2199 2194 2186 2175 2160 2144 2132 2122 2114 2109 2109 2114 2119 2124 2127 2130 2136 2142 2151 2160 2168 2174 2181 2191 2202 2214 2228 2241 2254 2269 2284 2303 2321 2335 2346 2352 2355 2356 2353 2349 2346 2339 2324 2312 2298 2282 2220 2211 2155 2165 2166 2160 2139 2119 2110 2103 2092 2079 2066 2055 2040 2026 2013 2005 1999 1991 1982 1978 1972 1964 1956 1951 1950
2153 2151 2153 2158 2164 2166 2170 2174 2180 2182 2183 2186 2186 2178 2167 2154 2142 2129 2117 2109 2102 2104 2108 2113 2117 2120 2126 2132 2138 2143 2149 2156 2163 2170 2182 2195 2205 2218 2231 2244 2259 2277 2293 2308 2324 2338 2349 2357 2358 2357 2354 2350 2348 2337 2325 2305 2270 2230 2182 2178 2176 2165 2159 2140 2120 2109 2100 2092 2082 2065 2053 2041 2027 2015 2007 1999 1989 1978 1975 1971 1963 1955 1949 1946
2137 2135 2134 2139 2143 2147 2151 2153 2159 2167 2174 2179 2182 2173 2162 2149 2136 2123 2113 2104 2099 2097 2101 2106 2111 2115 2122 2129 2133 2136 2138 2141 2150 2162 2175 2189 2198 2207 2223 2239 2257 2273 2285 2301 2319 2334 2345 2353 2356 2356 2354 2351 2345 2334 2320 2272 2244 2247 2212 2201 2188 2173 2159 2147 2129 2111 2098 2089 2079 2059 2043 2032 2022 2013 2006 2000 1989 1979 1973 1969 1964 1956 1950 1946
2123 2121 2122 2124 2127 2130 2135 2138 2143 2153 2163 2173 2172 2167 2157 2145 2134 2121 2110 2101 2093 2089 2095 2102 2108 2111 2114 2115 2119 2122 2125 2130 2139 2151 2167 2181 2192 2200 2211 2228 2244 2259 2273 2289 2309 2326 2344 2354 2356 2352 2350 2347 2340 2328 2311 2276 2251 2244 2230 2212 2197 2177 2162 2150 2134 2115 2093 2082 2070 2051 2037 2026 2018 2011 2004 1999 1993 1983 1976 1971 1964 1957 1953 1948
2112 2108 2107 2109 2112 2115 2119 2125 2131 2140 2151 2160 2165 2162 2154 2142 2131 2118 2105 2093 2085 2082 2086 2095 2103 2107 2105 2103 2101 2107 2114 2123 2132 2142 2158 2176 2187 2194 2201 2216 2230 2248 2266 2283 2299 2313 2331 2346 2353 2345 2340 2333 2324 2313 2300 2278 2256 2236 2227 2214 2197 2178 2158 2142 2133 2111 2084 2073 2060 2045 2032 2025 2018 2012 2005 2002 1997 1989 1981 1974 1968 1963 1958 1956
2096 2091 2089 2092 2096 2101 2106 2113 2124 2134 2143 2151 2156 2154 2148 2137 2125 2111 2098 2089 2081 2079 2080 2089 2097 2097 2096 2093 2096 2102 2111 2119 2127 2136 2147 2162 2174 2185 2198 2209 2221 2237 2254 2268 2282 2296 2315 2336 2336 2334 2331 2320 2306 2295 2284 2276 2248 2230 2220 2208 2195 2176 2155 2136 2121 2103 2079 2065 2056 2042 2030 2026 2021 2017 2014 2005 1999 1992 1986 1980 1973 1967 1964 1960
2086 2082 2080 2082 2084 2089 2095 2105 2117 2129 2137 2145 2146 2145 2138 2129 2120 2108 2097 2085 2077 2074 2077 2083 2086 2087 2087 2089 2094 2102 2109 2116 2122 2129 2140 2153 2165 2178 2191 2203 2217 2232 2246 2258 2271 2282 2301 2320 2324 2324 2317 2307 2294 2278 2268 2255 2237 2222 2212 2202 2195 2178 2161 2139 2120 2093 2076 2064 2060 2048 2041 2033 2030 2025 2019 2009 2002 1995 1991 1985 1980 1974 1969 1965
2079 2077 2075 2076 2078 2083 2091 2099 2111 2124 2133 2137 2138 2134 2128 2122 2115 2105 2090 2080 2072 2069 2071 2075 2077 2078 2081 2085 2092 2099 2105 2114 2122 2130 2137 2146 2160 2172 2181 2194 2212 2228 2240 2252 2258 2267 2281 2294 2308 2309 2305 2297 2284 2267 2252 2241 2225 2211 2201 2198 2196 2190 2170 2150 2127 2095 2079 2070 2064 2058 2054 2050 2041 2033 2023 2015 2008 2003 1997 1993 1984 1979 1973 1967
2066 2063 2065 2069 2074 2082 2090 2099 2108 2118 2127 2133 2130 2127 2122 2117 2108 2095 2085 2076 2069 2066 2066 2067 2069 2072 2076 2080 2085 2091 2101 2112 2122 2129 2135 2143 2153 2164 2170 2183 2202 2215 2225 2235 2245 2256 2269 2282 2296 2300 2296 2285 2272 2259 2247 2231 2217 2207 2199 2193 2199 2194 2171 2148 2118 2107 2093 2089 2079 2072 2070 2063 2056 2043 2033 2023 2014 2005 2000 1991 1984 1978 1974 1969
2054 2051 2056 2063 2074 2083 2091 2100 2107 2113 2121 2126 2125 2123 2121 2118 2111 2099 2084 2072 2064 2060 2059 2058 2060 2066 2074 2078 2083 2091 2098 2108 2119 2126 2132 2136 2141 2154 2164 2169 2179 2198 2212 2223 2234 2245 2257 2272 2284 2292 2289 2278 2269 2255 2243 2225 2214 2206 2196 2188 2186 2190 2167 2144 2129 2120 2113 2107 2102 2089 2085 2074 2066 2056 2042 2028 2016 2003 1996 1988 1981 1976 1971 1967
2043 2043 2045 2057 2075 2088 2096 2103 2108 2113 2118 2122 2124 2124 2124 2121 2114 2101 2085 2072 2061 2055 2052 2051 2057 2066 2073 2079 2084 2091 2098 2109 2116 2119 2124 2128 2136 2147 2157 2165 2174 2185 2197 2208 2216 2225 2236 2251 2267 2283 2284 2280 2271 2260 2242 2222 2211 2201 2192 2182 2175 2170 2160 2143 2136 2132 2129 2118 2110 2103 2095 2083 2066 2057 2046 2029 2014 1999 1989 1980 1974 1971 1967 1963
2036 2038 2043 2057 2072 2084 2095 2104 2111 2115 2117 2120 2122 2123 2122 2117 2110 2099 2087 2074 2063 2055 2049 2048 2053 2062 2069 2076 2082 2088 2094 2103 2110 2112 2116 2123 2130 2139 2150 2160 2169 2178 2184 2191 2199 2207 2217 2229 2251 2270 2279 2278 2273 2263 2245 2225 2213 2204 2192 2179 2170 2165 2159 2152 2147 2145 2141 2128 2114 2107 2093 2075 2062 2055 2039 2023 2012 2000 1983 1972 1968 1964 1959 1957
2027 2033 2044 2057 2068 2077 2085 2096 2104 2111 2114 2115 2118 2119 2116 2110 2104 2095 2083 2072 2063 2053 2046 2043 2048 2054 2062 2071 2077 2080 2085 2091 2098 2103 2107 2115 2123 2132 2140 2147 2158 2169 2178 2186 2192 2198 2205 2217 2231 2251 2270 2273 2267 2259 2245 2230 2219 2208 2196 2184 2177 2172 2168 2160 2155 2151 2147 2131 2116 2104 2088 2069 2054 2039 2027 2017 2007 1993 1978 1967 1962 1958 1952 1948
2016 2026 2037 2052 2060 2068 2076 2084 2092 2097 2102 2109 2113 2113 2108 2101 2093 2084 2075 2066 2057 2048 2041 2041 2043 2049 2056 2062 2067 2070 2073 2079 2086 2091 2097 2106 2115 2121 2125 2132 2141 2151 2162 2172 2179 2184 2193 2206 2220 2237 2253 2264 2268 2261 2251 2237 2224 2215 2205 2197 2189 2181 2175 2169 2160 2153 2144 2131 2115 2096 2079 2059 2043 2028 2015 2006 1996 1982 1969 1961 1955 1949 1944 1940
2003 2012 2024 2039 2054 2061 2069 2079 2086 2091 2097 2102 2107 2105 2101 2092 2084 2076 2067 2057 2048 2041 2035 2036 2039 2042 2046 2052 2055 2058 2063 2068 2073 2080 2089 2097 2102 2106 2110 2116 2124 2136 2147 2156 2165 2174 2185 2198 2216 2235 2253 2264 2268 2266 2258 2245 2236 2225 2217 2210 2202 2190 2185 2176 2166 2151 2137 2126 2115 2090 2059 2045 2032 2018 2006 1994 1982 1968 1958 1952 1945 1939 1933 1931
1987 1999 2012 2027 2043 2054 2065 2075 2085 2090 2095 2101 2103 2103 2098 2089 2081 2071 2061 2051 2043 2036 2031 2029 2030 2033 2037 2043 2047 2047 2050 2056 2063 2070 2079 2085 2090 2095 2100 2105 2115 2125 2137 2149 2161 2171 2182 2193 2213 2236 2252 2265 2270 2271 2265 2257 2247 2235 2225 2221 2206 2194 2187 2179 2163 2147 2126 2117 2104 2076 2055 2037 2023 2010 1998 1986 1975 1960 1952 1947 1938 1929 1924 1921
1975 1988 2002 2021 2038 2050 2060 2069 2078 2089 2098 2102 2104 2103 2098 2091 2082 2073 2062 2050 2041 2032 2026 2022 2022 2024 2028 2033 2035 2036 2040 2052 2059 2064 2069 2073 2076 2081 2088 2096 2103 2112 2125 2139 2154 2168 2176 2189 2207 2232 2247 2260 2271 2275 2273 2266 2255 2243 2234 2220 2205 2190 2184 2174 2157 2137 2119 2107 2094 2073 2049 2033 2016 2003 1993 1981 1968 1958 1952 1944 1938 1929 1922 1917
1972 1978 1989 2005 2023 2038 2050 2061 2076 2092 2098 2102 2104 2104 2100 2094 2087 2079 2067 2054 2042 2029 2020 2015 2015 2018 2020 2022 2024 2027 2036 2046 2056 2058 2059 2060 2065 2069 2078 2088 2097 2106 2116 2131 2149 2162 2171 2183 2203 2227 2249 2263 2277 2282 2284 2276 2263 2249 2238 2222 2202 2188 2179 2166 2151 2135 2118 2106 2089 2074 2048 2031 2020 2011 2001 1991 1979 1970 1963 1955 1945 1934 1926 1917
1968 1974 1985 1998 2014 2028 2041 2053 2068 2084 2091 2095 2097 2098 2098 2096 2091 2084 2075 2061 2046 2032 2018 2011 2009 2010 2013 2015 2016 2021 2028 2039 2046 2048 2049 2052 2057 2065 2072 2081 2090 2101 2110 2123 2142 2155 2168 2183 2200 2219 2240 2260 2279 2288 2288 2280 2268 2256 2243 2225 2206 2192 2180 2168 2159 2146 2124 2107 2092 2081 2072 2047 2037 2028 2020 2007 1996 1988 1981 1965 1953 1940 1931 1922
1962 1971 1979 1992 2005 2017 2032 2046 2062 2073 2082 2085 2088 2092 2097 2097 2096 2091 2084 2068 2051 2037 2023 2012 2003 2003 2004 2007 2010 2016 2023 2025 2028 2033 2037 2041 2049 2058 2067 2076 2085 2092 2103 2116 2134 2151 2163 2178 2195 2212 2235 2261 2278 2289 2287 2282 2274 2266 2255 2235 2216 2203 2191 2182 2169 2156 2137 2121 2106 2096 2090 2075 2056 2044 2032 2018 2007 1998 1990 1976 1961 1948 1937 1927
1953 1964 1975 1986 1996 2004 2015 2034 2050 2060 2068 2073 2078 2081 2085 2093 2095 2091 2082 2069 2053 2039 2028 2017 2007 1999 1998 2000 2007 2014 2018 2019 2020 2022 2026 2033 2040 2048 2058 2068 2080 2093 2103 2112 2127 2140 2153 2167 2186 2205 2224 2245 2267 2281 2287 2286 2279 2272 2261 2249 2234 2220 2207 2189 2175 2161 2146 2126 2115 2106 2093 2077 2061 2050 2037 2028 2014 2004 1989 1974 1960 1949 1938 1930
1944 1953 1962 1972 1979 1989 2002 2018 2033 2047 2056 2063 2065 2067 2073 2083 2089 2085 2078 2069 2054 2038 2027 2016 2006 1998 1993 1994 2001 2008 2011 2012 2014 2018 2024 2031 2038 2047 2057 2067 2076 2087 2098 2109 2120 2130 2140 2160 2180 2199 2216 2234 2247 2263 2282 2285 2282 2274 2264 2253 2242 2231 2217 2197 2180 2171 2154 2135 2123 2109 2093 2075 2061 2047 2035 2025 2012 1994 1981 1969 1956 1941 1934 1927
1932 1937 1944 1951 1962 1973 1989 2005 2020 2035 2044 2049 2053 2058 2064 2072 2075 2075 2069 2059 2047 2035 2023 2013 2002 1994 1989 1989 1993 1999 2006 2006 2009 2016 2026 2034 2042 2050 2060 2066 2073 2081 2091 2101 2113 2124 2138 2156 2176 2188 2201 2219 2233 2243 2258 2274 2280 2274 2266 2253 2241 2232 2217 2198 2183 2170 2153 2133 2120 2107 2091 2071 2055 2036 2024 2010 1994 1981 1970 1960 1948 1938 1928 1923
1922 1926 1933 1940 1947 1957 1973 1989 1999 2011 2026 2036 2042 2046 2051 2058 2063 2063 2059 2051 2039 2029 2020 2009 1997 1988 1982 1982 1988 1996 2002 2006 2011 2022 2033 2038 2044 2053 2060 2063 2065 2071 2078 2095 2111 2123 2139 2157 2166 2174 2186 2204 2220 2231 2245 2262 2268 2270 2262 2250 2238 2230 2220 2196 2180 2167 2149 2127 2112 2101 2085 2067 2043 2025 2009 1995 1983 1971 1959 1951 1943 1932 1921 1912
1911 1912 1920 1928 1936 1946 1957 1971 1985 1996 2008 2023 2031 2032 2033 2039 2045 2050 2052 2045 2037 2029 2017 2004 1990 1983 1978 1979 1983 1992 2000 2007 2019 2029 2036 2040 2044 2050 2053 2052 2053 2056 2066 2078 2095 2116 2134 2147 2156 2164 2175 2187 2205 2221 2233 2245 2256 2263 2257 2247 2237 2227 2216 2193 2175 2162 2146 2125 2107 2095 2079 2063 2035 2019 2003 1990 1978 1965 1953 1944 1935 1923 1909 1899
1901 1904 1907 1914 1922 1933 1947 1959 1971 1983 1996 2004 2010 2014 2018 2022 2028 2035 2041 2041 2038 2030 2017 2001 1990 1981 1977 1976 1979 1985 1994 2004 2015 2028 2033 2037 2040 2040 2038 2037 2039 2046 2055 2066 2081 2098 2117 2131 2138 2148 2157 2170 2186 2200 2217 2233 2250 2257 2257 2247 2235 2224 2209 2191 2173 2159 2142 2125 2102 2087 2075 2056 2034 2016 2000 1988 1975 1962 1954 1944 1936 1920 1907 1896
1894 1894 1897 1901 1907 1918 1932 1948 1957 1966 1978 1989 1996 1999 2003 2007 2013 2022 2029 2035 2032 2028 2021 2007 1992 1980 1976 1973 1976 1980 1990 2000 2010 2020 2028 2031 2031 2030 2028 2028 2030 2038 2049 2057 2066 2084 2103 2115 2122 2131 2142 2153 2163 2181 2200 2218 2236 2250 2255 2247 2238 2225 2211 2190 2171 2161 2149 2133 2107 2095 2078 2063 2048 2027 2007 1994 1984 1969 1963 1957 1945 1930 1914 1902
1891 1887 1889 1890 1893 1900 1915 1933 1944 1948 1960 1972 1979 1984 1988 1992 1997 2010 2021 2028 2030 2028 2021 2011 1995 1985 1978 1973 1969 1972 1982 1993 2003 2012 2020 2022 2021 2020 2019 2020 2023 2032 2044 2051 2056 2073 2091 2101 2110 2118 2129 2138 2149 2162 2179 2204 2227 2241 2247 2246 2236 2224 2209 2192 2174 2164 2156 2142 2129 2111 2097 2082 2068 2041 2019 2009 1994 1976 1972 1962 1950 1936 1917 1901
