lessons/landlab/landlab/DEMData/NASADEM_39.93_-105.33_40.0_-105.26.asc
ncols        252
nrows        252
xllcorner    -105.330138888879
yllcorner    39.930138888886
cellsize     0.000277777778
NODATA_value -32768
[rows 0 to 37 of 252, columns 0 to 83 of 252]
2047 2045 2039 2029 2022 2012 2004 1996 1984 1976 1970 1960 1951 1939 1932 1931 1934 1939 1943 1945 1945 1940 1931 1922 1914 1905 1900 1900 1904 1906 1904 1903 1899 1897 1897 1902 1908 1912 1915 1919 1923 1932 1940 1951 1962 1971 1978 1982 1988 1991 1996 1996 1998 2003 2006 2006 2003 1999 1995 1988 1981 1973 1969 1972 1976 1980 1988 2002 2014 2024 2039 2051 2061 2074 2087 2100 2107 2113 2115 2116 2114 2113 2112 2110
2057 2051 2042 2033 2024 2018 2010 2002 1993 1983 1972 1964 1955 1946 1942 1941 1943 1945 1948 1950 1950 1945 1936 1924 1916 1908 1903 1908 1913 1913 1913 1910 1905 1902 1904 1911 1918 1921 1924 1923 1926 1929 1936 1946 1956 1965 1973 1981 1989 1999 2007 2013 2012 2012 2014 2015 2012 2003 1998 1993 1985 1979 1977 1978 1983 1985 1991 2004 2018 2030 2041 2052 2064 2074 2085 2096 2105 2108 2109 2109 2108 2107 2104 2100
2070 2061 2052 2042 2031 2026 2023 2015 2005 1993 1979 1967 1959 1951 1945 1944 1946 1949 1954 1954 1950 1945 1939 1927 1918 1911 1912 1917 1921 1922 1920 1915 1909 1906 1910 1919 1929 1936 1936 1934 1935 1935 1936 1940 1949 1959 1970 1983 1994 2004 2012 2019 2023 2023 2024 2025 2019 2010 2006 1999 1991 1985 1983 1986 1989 1991 1996 2006 2020 2030 2039 2050 2062 2072 2083 2092 2098 2101 2102 2101 2100 2097 2093 2088
2081 2072 2062 2054 2045 2034 2028 2022 2011 1997 1986 1970 1960 1953 1949 1948 1950 1956 1960 1959 1954 1947 1939 1932 1924 1920 1922 1927 1928 1926 1922 1917 1912 1913 1918 1929 1938 1945 1946 1946 1946 1942 1940 1940 1947 1958 1969 1981 1992 2001 2010 2017 2021 2026 2028 2031 2027 2021 2012 2005 1998 1993 1991 1992 1996 1998 1999 2007 2018 2028 2037 2048 2059 2070 2080 2089 2094 2096 2095 2092 2087 2085 2082 2078
2089 2080 2072 2067 2057 2045 2032 2025 2010 1996 1989 1977 1964 1959 1957 1957 1961 1964 1966 1966 1961 1954 1945 1937 1930 1928 1931 1933 1931 1929 1924 1918 1916 1918 1927 1937 1947 1952 1956 1957 1954 1950 1946 1946 1952 1960 1971 1978 1987 1997 2004 2011 2018 2024 2029 2032 2032 2029 2023 2012 2005 2002 1999 2001 2007 2008 2007 2010 2016 2027 2036 2046 2056 2067 2077 2084 2089 2091 2089 2084 2081 2077 2073 2067
2096 2089 2081 2077 2068 2058 2044 2030 2016 2004 1994 1983 1974 1970 1971 1972 1972 1974 1973 1971 1966 1959 1950 1941 1939 1937 1939 1939 1942 1940 1935 1927 1920 1920 1927 1938 1949 1957 1962 1963 1963 1962 1960 1958 1958 1963 1969 1975 1983 1990 1997 2008 2020 2025 2029 2033 2034 2033 2027 2018 2012 2009 2007 2008 2010 2012 2012 2014 2019 2026 2035 2043 2053 2061 2069 2074 2079 2082 2080 2078 2075 2072 2065 2057
2101 2093 2087 2083 2075 2058 2046 2034 2024 2009 2000 1988 1982 1981 1981 1982 1982 1984 1979 1974 1970 1963 1954 1949 1944 1943 1943 1945 1948 1949 1944 1933 1926 1926 1930 1937 1947 1959 1969 1975 1979 1979 1978 1971 1967 1967 1970 1975 1981 1988 1999 2010 2020 2028 2033 2038 2040 2041 2035 2027 2022 2017 2013 2011 2011 2012 2016 2020 2022 2028 2035 2042 2048 2054 2062 2069 2072 2075 2073 2070 2068 2062 2055 2049
2100 2095 2089 2081 2067 2052 2040 2033 2020 2008 1995 1990 1986 1985 1986 1988 1991 1988 1984 1977 1972 1967 1961 1955 1952 1950 1950 1951 1953 1952 1947 1938 1933 1931 1934 1940 1951 1965 1977 1986 1992 1995 1992 1985 1979 1976 1978 1981 1987 1995 2003 2013 2023 2032 2038 2045 2051 2050 2044 2037 2032 2023 2020 2017 2018 2020 2025 2024 2026 2029 2035 2039 2044 2051 2060 2065 2068 2067 2065 2062 2058 2052 2046 2040
2095 2088 2080 2070 2060 2047 2039 2031 2020 2005 1995 1993 1991 1990 1991 1992 1992 1990 1986 1982 1978 1973 1969 1966 1964 1961 1963 1965 1965 1961 1954 1943 1938 1936 1940 1946 1959 1971 1982 1993 2003 2006 2005 2000 1991 1986 1987 1988 1991 1998 2006 2014 2023 2031 2039 2048 2055 2058 2054 2049 2045 2039 2030 2027 2028 2031 2033 2034 2037 2040 2044 2047 2048 2053 2058 2063 2063 2060 2057 2053 2048 2042 2037 2034
2090 2081 2072 2064 2056 2045 2037 2031 2019 2006 1998 1996 1999 2000 1999 1997 1995 1992 1991 1991 1989 1986 1982 1976 1972 1971 1973 1975 1973 1968 1960 1952 1944 1942 1944 1952 1963 1976 1986 1998 2008 2013 2016 2013 2005 1998 1994 1990 1991 1997 2005 2013 2021 2029 2037 2046 2057 2061 2062 2059 2059 2052 2044 2037 2037 2039 2041 2045 2048 2051 2054 2057 2057 2058 2060 2060 2059 2056 2051 2045 2040 2035 2032 2029
2088 2081 2069 2061 2052 2044 2035 2028 2020 2010 2004 2004 2007 2007 2005 2003 2001 1998 1996 1996 1995 1995 1994 1989 1983 1981 1979 1979 1976 1970 1962 1954 1946 1944 1948 1958 1972 1980 1989 2002 2014 2024 2028 2028 2025 2014 2003 1997 1995 2000 2005 2013 2022 2030 2039 2047 2056 2061 2063 2064 2063 2062 2056 2053 2049 2050 2051 2054 2058 2062 2063 2063 2063 2062 2061 2058 2055 2052 2047 2042 2037 2034 2032 2031
2086 2077 2064 2058 2052 2043 2032 2026 2021 2018 2015 2015 2017 2017 2015 2011 2007 2004 2004 2004 2003 2003 2002 2001 1997 1991 1985 1980 1974 1966 1958 1951 1948 1949 1955 1963 1976 1987 1997 2011 2024 2034 2041 2042 2040 2036 2022 2006 2003 2004 2009 2016 2022 2030 2038 2046 2051 2055 2059 2064 2066 2069 2071 2071 2068 2065 2066 2066 2069 2072 2073 2070 2067 2065 2062 2057 2052 2049 2045 2040 2036 2037 2037 2037
2078 2071 2061 2053 2049 2044 2036 2030 2029 2027 2027 2026 2026 2024 2021 2018 2015 2014 2016 2017 2016 2014 2013 2009 2004 1995 1986 1979 1970 1959 1953 1950 1951 1954 1961 1971 1983 1997 2013 2027 2037 2043 2048 2053 2050 2046 2034 2020 2014 2012 2015 2021 2028 2035 2043 2046 2051 2055 2060 2064 2068 2073 2078 2080 2079 2079 2077 2077 2076 2077 2075 2071 2067 2065 2060 2054 2049 2045 2042 2039 2040 2043 2045 2045
2073 2068 2060 2052 2049 2047 2047 2043 2040 2036 2035 2036 2033 2031 2029 2026 2025 2026 2028 2029 2026 2023 2018 2014 2007 1995 1981 1975 1966 1960 1957 1957 1960 1966 1973 1980 1993 2008 2021 2035 2047 2057 2061 2060 2056 2047 2040 2032 2025 2021 2023 2028 2037 2043 2048 2053 2057 2062 2065 2068 2073 2078 2084 2087 2088 2087 2085 2081 2077 2075 2074 2069 2066 2063 2059 2054 2049 2045 2042 2042 2045 2050 2053 2053
2072 2069 2064 2059 2059 2064 2063 2063 2058 2054 2051 2049 2049 2046 2043 2038 2038 2037 2037 2034 2029 2023 2018 2012 2005 1995 1980 1971 1967 1966 1968 1972 1976 1982 1985 1990 2004 2017 2028 2040 2055 2062 2066 2066 2064 2055 2045 2039 2033 2030 2029 2034 2039 2047 2057 2063 2069 2070 2072 2075 2080 2084 2086 2088 2090 2090 2088 2082 2077 2074 2072 2070 2066 2064 2062 2058 2054 2051 2048 2046 2050 2055 2059 2060
2077 2077 2077 2078 2079 2080 2082 2079 2075 2070 2066 2064 2062 2059 2056 2052 2047 2042 2038 2034 2028 2020 2015 2010 2003 1993 1982 1975 1971 1972 1978 1982 1984 1989 1993 1999 2010 2022 2032 2044 2057 2065 2069 2073 2072 2065 2059 2049 2044 2041 2040 2042 2047 2053 2062 2071 2078 2082 2082 2085 2089 2091 2092 2092 2092 2091 2088 2085 2083 2082 2079 2076 2073 2070 2069 2066 2062 2058 2054 2052 2056 2060 2064 2067
2081 2084 2090 2093 2094 2094 2095 2091 2088 2086 2083 2079 2074 2069 2063 2056 2049 2042 2036 2031 2024 2019 2010 2004 1998 1991 1983 1979 1978 1981 1986 1991 1993 1995 2003 2009 2018 2027 2037 2047 2057 2066 2074 2078 2079 2075 2070 2066 2060 2056 2053 2051 2053 2059 2068 2077 2085 2090 2094 2097 2101 2104 2104 2102 2098 2095 2094 2091 2091 2092 2090 2087 2083 2079 2075 2070 2065 2061 2058 2056 2059 2063 2067 2070
2086 2091 2097 2100 2104 2107 2108 2109 2107 2104 2099 2093 2086 2076 2067 2058 2049 2040 2033 2026 2019 2015 2009 2004 1997 1994 1990 1987 1987 1987 1993 2000 2005 2012 2019 2023 2029 2035 2042 2048 2058 2069 2078 2088 2090 2087 2081 2077 2073 2066 2060 2055 2055 2064 2075 2086 2094 2100 2106 2110 2113 2114 2115 2111 2106 2105 2103 2100 2100 2100 2099 2096 2092 2085 2080 2076 2071 2064 2061 2060 2060 2064 2067 2071
2091 2095 2101 2108 2112 2116 2120 2120 2118 2115 2111 2102 2089 2076 2064 2057 2048 2039 2033 2026 2022 2019 2016 2013 2008 2006 2003 1998 1992 1993 2002 2009 2018 2028 2038 2044 2043 2046 2050 2056 2064 2075 2089 2096 2100 2100 2097 2092 2084 2076 2071 2066 2065 2071 2084 2095 2103 2111 2117 2121 2121 2122 2122 2114 2110 2110 2112 2111 2112 2111 2107 2101 2096 2089 2085 2081 2077 2073 2065 2062 2061 2063 2066 2070
2096 2097 2104 2111 2119 2124 2128 2128 2124 2123 2118 2108 2093 2080 2064 2055 2050 2044 2037 2031 2028 2029 2028 2027 2022 2018 2010 2006 2001 2001 2008 2016 2021 2034 2054 2060 2060 2060 2062 2063 2068 2078 2091 2099 2105 2109 2112 2111 2104 2093 2085 2080 2079 2085 2094 2105 2113 2121 2128 2130 2132 2132 2130 2124 2117 2117 2118 2123 2123 2119 2113 2106 2102 2096 2090 2087 2081 2073 2066 2061 2060 2062 2067 2071
2100 2104 2110 2119 2125 2130 2134 2135 2134 2131 2124 2110 2100 2086 2072 2062 2059 2057 2054 2050 2048 2047 2046 2042 2036 2025 2017 2014 2011 2012 2016 2021 2031 2051 2063 2072 2073 2072 2074 2072 2076 2086 2094 2102 2108 2115 2120 2127 2123 2115 2106 2101 2100 2104 2110 2117 2125 2133 2139 2141 2143 2143 2140 2135 2130 2127 2129 2132 2134 2130 2121 2114 2109 2104 2099 2090 2081 2073 2064 2058 2058 2063 2070 2077
2113 2115 2121 2127 2132 2139 2144 2144 2140 2137 2126 2112 2102 2093 2080 2071 2068 2069 2069 2066 2063 2059 2053 2051 2047 2038 2030 2026 2025 2025 2034 2044 2057 2067 2077 2084 2086 2085 2081 2080 2086 2096 2104 2110 2115 2120 2128 2136 2133 2129 2125 2123 2121 2121 2124 2130 2138 2148 2153 2152 2150 2147 2145 2141 2137 2137 2140 2142 2141 2137 2132 2122 2117 2108 2100 2092 2080 2070 2062 2057 2058 2066 2075 2084
2123 2126 2128 2132 2139 2146 2151 2149 2145 2141 2130 2116 2105 2098 2093 2087 2087 2087 2085 2080 2075 2071 2066 2059 2054 2048 2041 2034 2035 2039 2046 2059 2073 2084 2090 2095 2098 2099 2097 2093 2097 2104 2111 2118 2128 2138 2146 2149 2146 2140 2137 2136 2141 2139 2136 2140 2152 2162 2165 2164 2159 2155 2151 2149 2149 2150 2149 2150 2145 2142 2132 2124 2115 2107 2099 2089 2076 2067 2063 2061 2064 2072 2080 2087
2136 2136 2136 2140 2147 2155 2160 2159 2152 2143 2134 2120 2111 2109 2110 2110 2106 2102 2098 2094 2090 2083 2075 2067 2060 2053 2045 2041 2045 2052 2060 2073 2089 2101 2104 2106 2108 2110 2110 2109 2108 2113 2122 2132 2140 2149 2158 2162 2158 2153 2149 2154 2159 2154 2151 2153 2160 2166 2169 2169 2168 2164 2160 2157 2155 2153 2150 2145 2141 2130 2120 2115 2108 2102 2094 2083 2072 2066 2064 2065 2069 2075 2081 2088
2144 2145 2147 2151 2160 2167 2172 2170 2160 2152 2139 2127 2118 2117 2121 2125 2125 2124 2118 2112 2107 2099 2086 2076 2068 2056 2049 2049 2060 2068 2076 2089 2104 2113 2116 2121 2122 2126 2128 2128 2128 2131 2139 2151 2156 2159 2166 2171 2171 2168 2169 2169 2169 2169 2167 2166 2166 2168 2169 2170 2170 2167 2163 2158 2155 2150 2145 2138 2129 2119 2113 2108 2102 2092 2084 2077 2069 2065 2067 2069 2072 2076 2081 2089
2153 2156 2159 2166 2174 2178 2180 2177 2170 2159 2148 2135 2127 2126 2131 2137 2141 2141 2138 2131 2125 2114 2100 2091 2077 2066 2057 2062 2071 2081 2091 2102 2114 2122 2128 2133 2138 2141 2143 2145 2146 2147 2156 2166 2171 2174 2180 2185 2185 2186 2184 2182 2178 2175 2172 2171 2170 2169 2168 2168 2167 2165 2158 2151 2144 2140 2133 2123 2114 2107 2100 2095 2087 2081 2075 2073 2069 2072 2073 2076 2077 2079 2082 2088
2161 2166 2170 2176 2182 2188 2189 2183 2173 2164 2154 2145 2140 2139 2145 2153 2155 2155 2154 2147 2139 2125 2110 2099 2087 2075 2072 2074 2080 2088 2099 2115 2125 2133 2141 2149 2155 2160 2164 2168 2166 2171 2177 2184 2186 2190 2193 2195 2195 2193 2190 2186 2183 2180 2175 2171 2168 2165 2164 2161 2157 2153 2152 2146 2137 2129 2120 2110 2104 2098 2093 2086 2081 2078 2079 2076 2078 2079 2082 2082 2083 2085 2086 2090
2167 2172 2175 2180 2186 2193 2195 2188 2181 2173 2164 2156 2151 2150 2157 2166 2168 2165 2159 2154 2145 2131 2117 2104 2092 2085 2084 2086 2089 2098 2114 2128 2140 2150 2158 2168 2178 2182 2183 2181 2182 2187 2194 2196 2198 2198 2200 2201 2199 2197 2193 2189 2184 2179 2173 2167 2163 2160 2156 2152 2145 2140 2137 2136 2129 2120 2113 2106 2101 2097 2092 2087 2083 2082 2085 2086 2091 2096 2099 2098 2096 2092 2091 2093
2172 2176 2180 2184 2190 2196 2201 2198 2191 2181 2173 2166 2163 2162 2167 2173 2175 2172 2166 2159 2150 2136 2120 2108 2097 2092 2092 2096 2103 2115 2126 2139 2150 2161 2173 2184 2196 2201 2204 2199 2199 2200 2204 2206 2205 2206 2205 2204 2203 2199 2195 2189 2184 2176 2167 2164 2161 2154 2149 2144 2138 2131 2126 2124 2119 2116 2111 2106 2102 2098 2094 2089 2087 2090 2095 2101 2109 2116 2118 2115 2109 2105 2101 2097
2175 2178 2182 2188 2193 2199 2201 2199 2191 2183 2175 2173 2173 2174 2176 2182 2185 2183 2173 2162 2154 2139 2126 2114 2108 2107 2109 2110 2119 2127 2139 2147 2155 2169 2186 2199 2210 2221 2220 2219 2218 2218 2214 2214 2213 2211 2209 2206 2203 2199 2194 2189 2181 2170 2164 2162 2156 2148 2142 2139 2134 2128 2122 2119 2118 2116 2114 2111 2106 2102 2096 2091 2089 2095 2103 2112 2119 2127 2132 2130 2123 2120 2112 2106
2175 2180 2186 2192 2196 2199 2201 2198 2193 2185 2176 2177 2177 2177 2178 2185 2192 2189 2181 2165 2153 2142 2131 2126 2123 2122 2123 2130 2137 2147 2153 2157 2166 2181 2197 2209 2217 2225 2228 2229 2230 2227 2223 2220 2217 2215 2210 2204 2201 2197 2193 2187 2180 2169 2164 2162 2156 2147 2143 2140 2135 2128 2123 2122 2122 2122 2118 2114 2109 2103 2098 2095 2094 2101 2110 2119 2129 2136 2139 2139 2135 2131 2125 2118
2176 2181 2189 2198 2201 2202 2202 2202 2198 2189 2183 2182 2183 2182 2184 2189 2193 2191 2180 2167 2158 2149 2142 2135 2130 2130 2137 2144 2153 2161 2166 2172 2182 2194 2205 2212 2220 2227 2230 2232 2232 2231 2225 2221 2217 2213 2207 2204 2200 2196 2191 2186 2178 2172 2168 2166 2161 2153 2147 2143 2138 2131 2128 2127 2127 2125 2122 2116 2108 2102 2097 2097 2102 2109 2116 2126 2135 2140 2144 2144 2144 2138 2132 2127
2178 2186 2195 2202 2206 2207 2206 2204 2200 2193 2187 2186 2188 2192 2193 2196 2196 2193 2185 2177 2167 2158 2149 2140 2136 2137 2145 2154 2162 2172 2181 2190 2198 2207 2214 2220 2226 2230 2232 2233 2234 2229 2225 2221 2217 2212 2208 2205 2202 2196 2191 2186 2182 2177 2171 2169 2165 2158 2153 2148 2142 2140 2136 2132 2128 2126 2121 2114 2106 2098 2097 2103 2110 2118 2126 2136 2144 2149 2151 2152 2151 2146 2140 2134
2185 2192 2198 2205 2211 2211 2209 2206 2203 2197 2190 2189 2192 2196 2199 2200 2201 2200 2195 2187 2177 2166 2156 2148 2145 2148 2154 2162 2171 2183 2194 2205 2213 2221 2226 2231 2234 2237 2236 2236 2232 2229 2224 2220 2217 2215 2211 2208 2204 2199 2193 2191 2188 2183 2177 2172 2171 2166 2159 2152 2149 2147 2145 2136 2129 2123 2117 2109 2103 2098 2100 2109 2120 2127 2136 2146 2153 2156 2157 2156 2156 2157 2152 2142
2192 2197 2204 2211 2215 2215 2211 2208 2205 2200 2195 2192 2196 2202 2204 2206 2207 2205 2200 2192 2187 2181 2174 2165 2160 2162 2166 2174 2182 2190 2202 2217 2227 2233 2238 2242 2245 2244 2242 2240 2237 2234 2227 2223 2221 2219 2216 2211 2208 2206 2202 2198 2194 2191 2183 2179 2175 2169 2162 2156 2153 2152 2145 2135 2127 2120 2113 2107 2103 2104 2110 2121 2131 2140 2149 2156 2160 2161 2161 2161 2163 2166 2164 2157
2201 2206 2213 2219 2222 2221 2217 2213 2210 2206 2203 2200 2201 2207 2211 2213 2214 2213 2209 2201 2193 2193 2189 2180 2174 2173 2178 2185 2191 2198 2212 2227 2238 2242 2245 2248 2249 2248 2247 2245 2244 2241 2235 2229 2226 2224 2219 2215 2214 2213 2210 2205 2201 2198 2194 2189 2181 2176 2169 2162 2157 2153 2146 2138 2129 2121 2112 2109 2109 2115 2125 2138 2147 2152 2157 2160 2162 2163 2163 2165 2169 2171 2169 2163
2211 2215 2224 2227 2228 2228 2227 2224 2218 2214 2211 2207 2206 2209 2214 2218 2221 2223 2218 2213 2208 2204 2201 2197 2187 2183 2186 2190 2196 2207 2221 2236 2244 2248 2251 2252 2252 2251 2249 2248 2247 2244 2241 2237 2233 2227 2223 2220 2220 2219 2215 2210 2206 2202 2197 2193 2185 2180 2178 2171 2163 2156 2149 2139 2129 2118 2113 2111 2115 2121 2133 2145 2151 2157 2161 2162 2163 2164 2166 2168 2171 2172 2171 2168
2216 2226 2231 2234 2234 2237 2237 2232 2227 2225 2221 2216 2213 2212 2216 2221 2225 2225 2223 2221 2217 2214 2211 2208 2202 2198 2194 2197 2204 2217 2231 2243 2248 2252 2254 2255 2255 2253 2252 2251 2248 2246 2244 2240 2233 2229 2226 2225 2226 2226 2222 2214 2210 2204 2198 2193 2188 2182 2179 2174 2167 2159 2149 2140 2129 2121 2114 2114 2117 2124 2133 2140 2148 2155 2160 2162 2164 2167 2170 2173 2176 2177 2178 2177
