lessons/landlab/landlab/DEMData/NASADEM_39.93_-105.33_40.0_-105.26.asc
ncols        252
nrows        252
xllcorner    -105.330138888879
yllcorner    39.930138888886
cellsize     0.000277777778
NODATA_value -32768
[rows 114 to 151 of 252, columns 84 to 167 of 252]
2290 2294 2296 2295 2293 2286 2277 2265 2251 2239 2228 2217 2205 2192 2180 2168 2161 2162 2167 2169 2170 2163 2153 2143 2136 2126 2120 2118 2118 2119 2119 2123 2122 2124 2127 2130 2130 2130 2132 2135 2142 2146 2145 2135 2126 2119 2113 2110 2113 2120 2132 2148 2157 2167 2176 2182 2193 2214 2223 2229 2220 2218 2205 2194 2188 2184 2178 2173 2162 2148 2133 2111 2093 2078 2065 2055 2046 2036 2022 2007 1997 1990 1989 1989
2289 2294 2296 2296 2292 2285 2275 2263 2251 2239 2225 2208 2195 2187 2178 2170 2168 2171 2177 2178 2174 2165 2153 2142 2132 2128 2127 2128 2129 2131 2135 2136 2137 2132 2133 2138 2143 2146 2151 2157 2161 2163 2157 2151 2141 2127 2121 2122 2125 2131 2145 2159 2169 2179 2189 2201 2214 2230 2241 2242 2242 2235 2225 2210 2197 2188 2183 2181 2173 2160 2144 2123 2099 2080 2062 2044 2042 2032 2021 2009 2000 1995 1993 1993
2293 2299 2299 2295 2288 2279 2271 2262 2249 2231 2215 2200 2188 2179 2175 2172 2173 2179 2185 2185 2178 2168 2154 2142 2133 2134 2139 2142 2145 2147 2148 2146 2145 2143 2145 2152 2158 2162 2169 2177 2181 2179 2172 2163 2151 2139 2132 2133 2135 2142 2156 2171 2181 2191 2203 2216 2227 2243 2257 2257 2254 2247 2237 2224 2210 2195 2182 2177 2174 2160 2145 2128 2104 2089 2064 2047 2041 2031 2021 2014 2008 2003 1997 1992
2301 2305 2304 2298 2288 2275 2266 2254 2239 2224 2212 2199 2187 2180 2177 2178 2182 2187 2189 2187 2181 2169 2155 2145 2139 2142 2150 2156 2161 2164 2159 2153 2153 2152 2156 2165 2174 2181 2187 2192 2196 2190 2184 2175 2163 2154 2147 2148 2151 2157 2168 2181 2193 2205 2220 2232 2243 2256 2270 2277 2271 2260 2248 2238 2226 2204 2184 2170 2167 2154 2139 2120 2099 2088 2069 2055 2047 2036 2028 2024 2019 2011 1999 1994
2306 2308 2305 2302 2291 2274 2260 2247 2235 2221 2211 2202 2193 2189 2187 2192 2198 2199 2196 2196 2187 2176 2163 2152 2146 2145 2151 2161 2170 2171 2167 2163 2164 2164 2168 2173 2182 2193 2201 2214 2215 2205 2198 2191 2180 2167 2162 2159 2162 2168 2178 2188 2200 2212 2230 2245 2255 2268 2277 2284 2279 2265 2248 2240 2234 2216 2187 2165 2154 2141 2132 2111 2089 2083 2071 2064 2054 2045 2035 2029 2023 2014 2002 1997
2314 2314 2311 2305 2295 2278 2264 2250 2238 2227 2221 2211 2206 2201 2201 2206 2210 2210 2211 2207 2199 2185 2171 2160 2152 2149 2155 2165 2172 2175 2172 2173 2173 2173 2173 2179 2189 2203 2219 2230 2230 2221 2215 2204 2191 2181 2176 2174 2176 2181 2189 2197 2208 2224 2243 2256 2265 2272 2278 2282 2278 2261 2240 2234 2234 2222 2199 2177 2154 2144 2131 2109 2087 2074 2069 2064 2060 2051 2041 2031 2025 2015 2007 2001
2319 2322 2317 2312 2301 2287 2270 2256 2245 2238 2234 2228 2221 2215 2211 2212 2215 2218 2218 2219 2211 2197 2182 2170 2162 2158 2161 2169 2173 2178 2181 2184 2185 2186 2188 2191 2199 2210 2223 2234 2240 2236 2232 2218 2201 2193 2190 2190 2191 2196 2204 2212 2221 2237 2258 2268 2273 2272 2273 2274 2270 2258 2231 2224 2225 2219 2205 2179 2156 2143 2127 2111 2091 2077 2067 2061 2055 2050 2041 2033 2026 2018 2012 2005
2320 2322 2322 2316 2304 2291 2278 2266 2260 2254 2248 2242 2234 2228 2221 2218 2220 2221 2225 2223 2217 2204 2188 2178 2172 2171 2172 2175 2177 2181 2188 2194 2199 2202 2202 2204 2211 2219 2228 2238 2248 2248 2243 2224 2212 2206 2205 2203 2205 2211 2219 2227 2234 2248 2261 2272 2272 2270 2262 2256 2261 2250 2235 2215 2208 2206 2194 2177 2156 2132 2117 2111 2098 2077 2064 2057 2051 2046 2039 2032 2026 2019 2014 2007
2319 2320 2320 2316 2307 2296 2286 2277 2273 2266 2259 2252 2244 2235 2229 2228 2231 2234 2236 2233 2221 2206 2191 2184 2182 2182 2184 2184 2185 2188 2196 2203 2208 2210 2211 2216 2219 2228 2239 2250 2256 2260 2256 2245 2231 2226 2225 2224 2222 2226 2234 2241 2248 2255 2261 2265 2266 2262 2252 2239 2234 2233 2220 2208 2198 2195 2181 2164 2140 2121 2115 2106 2095 2080 2064 2052 2045 2043 2038 2032 2023 2018 2013 2007
2313 2314 2316 2316 2312 2304 2297 2289 2281 2277 2273 2264 2257 2247 2241 2241 2246 2249 2252 2244 2231 2214 2199 2193 2191 2192 2192 2191 2192 2196 2203 2213 2217 2221 2225 2226 2232 2241 2252 2261 2266 2271 2267 2261 2251 2244 2245 2242 2243 2246 2252 2256 2258 2260 2259 2259 2253 2247 2238 2229 2213 2200 2197 2186 2183 2177 2158 2141 2125 2116 2105 2092 2087 2077 2066 2051 2043 2041 2037 2029 2021 2015 2011 2005
2305 2308 2312 2316 2317 2316 2312 2305 2297 2291 2286 2278 2268 2262 2256 2253 2256 2261 2260 2253 2242 2228 2213 2207 2208 2207 2206 2203 2203 2207 2218 2224 2228 2232 2237 2241 2246 2253 2264 2273 2280 2283 2281 2275 2269 2264 2262 2262 2266 2266 2268 2266 2265 2260 2256 2248 2239 2228 2224 2214 2199 2185 2178 2175 2169 2151 2134 2124 2115 2109 2096 2083 2075 2068 2058 2046 2038 2036 2033 2026 2020 2014 2009 2003
2299 2303 2309 2317 2322 2327 2325 2321 2314 2310 2304 2295 2284 2275 2268 2265 2267 2269 2266 2258 2249 2240 2232 2230 2226 2221 2218 2214 2213 2216 2224 2231 2236 2243 2251 2255 2261 2268 2276 2286 2293 2296 2295 2288 2281 2279 2278 2281 2283 2283 2280 2277 2271 2261 2250 2239 2227 2219 2211 2202 2190 2179 2172 2163 2156 2136 2116 2115 2107 2103 2092 2079 2071 2064 2054 2040 2031 2029 2025 2022 2017 2013 2006 2001
2292 2299 2306 2316 2324 2330 2330 2328 2324 2321 2315 2303 2293 2285 2279 2275 2277 2278 2276 2270 2262 2255 2248 2244 2242 2235 2227 2223 2219 2221 2224 2232 2241 2250 2261 2267 2273 2280 2288 2298 2303 2311 2314 2310 2308 2306 2300 2300 2299 2291 2289 2286 2278 2267 2251 2238 2227 2216 2203 2194 2186 2176 2166 2175 2150 2134 2113 2112 2107 2101 2090 2081 2073 2069 2058 2040 2025 2021 2016 2015 2013 2007 2001 1995
2294 2299 2303 2313 2323 2328 2330 2331 2334 2330 2321 2311 2303 2297 2290 2288 2292 2294 2291 2285 2281 2273 2266 2262 2257 2251 2243 2238 2232 2228 2229 2235 2245 2258 2268 2278 2286 2295 2301 2308 2315 2321 2327 2331 2330 2330 2325 2325 2315 2307 2299 2295 2287 2274 2259 2243 2233 2222 2210 2200 2192 2183 2180 2189 2161 2141 2122 2113 2110 2105 2101 2090 2079 2075 2067 2040 2021 2016 2012 2011 2007 2001 1994 1990
2298 2301 2302 2310 2318 2324 2328 2331 2333 2332 2327 2321 2318 2309 2303 2303 2305 2305 2302 2299 2295 2289 2284 2278 2272 2266 2260 2253 2248 2241 2242 2247 2256 2264 2278 2289 2303 2313 2322 2325 2332 2336 2340 2344 2347 2349 2348 2341 2333 2321 2313 2303 2295 2286 2272 2260 2247 2238 2226 2221 2214 2208 2194 2183 2171 2153 2136 2123 2114 2110 2109 2101 2088 2078 2067 2031 2024 2017 2012 2009 2005 1998 1992 1988
2297 2299 2299 2302 2311 2318 2322 2325 2329 2331 2329 2330 2327 2323 2320 2319 2322 2320 2315 2313 2308 2300 2293 2287 2282 2277 2270 2264 2258 2257 2259 2263 2269 2277 2288 2301 2315 2327 2335 2344 2349 2352 2354 2360 2362 2367 2363 2356 2346 2337 2326 2314 2306 2298 2291 2279 2272 2258 2242 2236 2231 2220 2205 2192 2178 2161 2145 2134 2126 2124 2121 2115 2098 2092 2066 2031 2028 2019 2012 2009 2003 1997 1993 1989
2290 2290 2289 2292 2299 2307 2311 2316 2321 2326 2327 2327 2327 2330 2332 2335 2336 2339 2335 2333 2328 2321 2311 2303 2294 2286 2281 2277 2276 2274 2273 2275 2280 2289 2296 2309 2323 2336 2348 2356 2362 2368 2375 2378 2383 2382 2377 2366 2360 2352 2341 2329 2317 2310 2303 2297 2285 2272 2256 2250 2244 2229 2214 2204 2191 2173 2157 2149 2144 2138 2138 2130 2115 2083 2045 2035 2031 2021 2012 2004 1998 1993 1990 1987
2277 2278 2279 2283 2288 2292 2299 2303 2309 2315 2318 2319 2322 2327 2334 2339 2343 2347 2351 2350 2349 2343 2334 2324 2313 2300 2291 2293 2294 2293 2293 2294 2297 2301 2308 2316 2330 2347 2358 2365 2375 2385 2394 2399 2397 2394 2386 2376 2368 2362 2354 2345 2332 2322 2318 2309 2297 2284 2280 2267 2254 2239 2225 2213 2199 2183 2174 2166 2154 2149 2146 2139 2122 2091 2062 2048 2038 2024 2013 2004 1997 1992 1988 1984
2267 2265 2268 2273 2276 2278 2282 2285 2290 2299 2302 2308 2313 2320 2329 2337 2341 2347 2352 2356 2357 2354 2349 2341 2330 2318 2311 2309 2309 2309 2310 2312 2314 2317 2322 2331 2341 2352 2361 2373 2386 2403 2411 2412 2409 2405 2396 2386 2379 2373 2368 2359 2351 2343 2340 2328 2316 2305 2292 2283 2265 2254 2239 2225 2211 2198 2187 2179 2163 2157 2153 2145 2112 2083 2069 2052 2037 2028 2018 2011 2004 1995 1988 1983
2258 2258 2259 2262 2263 2265 2269 2272 2276 2281 2286 2295 2304 2315 2324 2332 2338 2344 2352 2358 2361 2361 2359 2353 2344 2333 2330 2329 2328 2329 2331 2331 2333 2336 2342 2347 2353 2360 2370 2384 2402 2416 2426 2428 2425 2418 2407 2396 2393 2388 2383 2372 2364 2361 2358 2343 2332 2321 2299 2286 2277 2267 2256 2243 2228 2214 2200 2188 2174 2165 2156 2150 2116 2085 2071 2059 2046 2035 2027 2020 2010 1999 1989 1984
2246 2247 2248 2249 2251 2254 2259 2262 2267 2272 2276 2282 2292 2303 2315 2324 2331 2342 2351 2358 2362 2366 2366 2364 2357 2353 2349 2347 2348 2349 2350 2351 2351 2354 2358 2361 2367 2374 2385 2397 2410 2429 2439 2441 2436 2429 2418 2412 2406 2401 2392 2384 2377 2373 2369 2356 2342 2327 2309 2291 2284 2275 2264 2251 2237 2219 2212 2198 2185 2173 2165 2145 2111 2089 2078 2062 2056 2046 2035 2026 2017 2006 1996 1992
2235 2235 2236 2238 2240 2243 2247 2253 2258 2263 2268 2274 2282 2291 2303 2313 2327 2339 2349 2355 2360 2365 2367 2366 2367 2366 2367 2370 2370 2370 2372 2375 2374 2375 2378 2379 2381 2388 2399 2408 2425 2440 2450 2451 2450 2444 2438 2432 2424 2416 2407 2400 2392 2388 2376 2364 2348 2332 2314 2300 2292 2283 2270 2259 2246 2232 2223 2207 2193 2181 2169 2135 2100 2089 2077 2067 2061 2054 2043 2032 2023 2013 2005 2002
2224 2225 2227 2230 2232 2235 2241 2247 2250 2254 2261 2269 2277 2286 2296 2306 2320 2334 2343 2349 2354 2358 2361 2365 2368 2369 2371 2376 2384 2388 2392 2395 2397 2399 2400 2400 2398 2403 2413 2429 2443 2456 2461 2465 2461 2457 2450 2448 2440 2427 2423 2417 2405 2396 2384 2364 2352 2339 2322 2309 2301 2290 2274 2267 2258 2252 2234 2213 2200 2195 2173 2129 2105 2092 2082 2070 2063 2055 2048 2038 2029 2019 2012 2010
2218 2220 2223 2225 2229 2232 2237 2241 2243 2246 2251 2261 2270 2280 2288 2299 2312 2324 2332 2338 2344 2348 2353 2357 2361 2363 2366 2374 2385 2398 2406 2414 2419 2422 2422 2419 2418 2426 2432 2446 2460 2469 2474 2478 2474 2463 2458 2457 2448 2435 2427 2419 2406 2394 2384 2369 2353 2341 2328 2316 2306 2295 2277 2271 2264 2257 2241 2219 2211 2217 2168 2128 2107 2099 2087 2075 2063 2055 2047 2041 2034 2027 2022 2019
2221 2222 2226 2231 2234 2237 2242 2245 2246 2246 2249 2251 2260 2272 2281 2290 2302 2313 2321 2326 2331 2338 2342 2347 2351 2355 2361 2369 2383 2399 2410 2419 2430 2438 2438 2437 2441 2452 2457 2463 2473 2481 2486 2494 2487 2475 2470 2462 2452 2440 2428 2414 2401 2390 2378 2368 2354 2342 2331 2320 2307 2294 2278 2267 2263 2254 2235 2214 2209 2205 2149 2117 2111 2103 2097 2085 2070 2059 2049 2043 2037 2034 2030 2026
2228 2231 2238 2248 2252 2254 2258 2261 2260 2261 2255 2254 2258 2265 2273 2281 2292 2304 2309 2314 2320 2325 2330 2334 2341 2348 2359 2369 2381 2394 2406 2416 2426 2439 2448 2452 2461 2471 2476 2483 2490 2499 2511 2513 2509 2490 2476 2461 2450 2437 2421 2407 2395 2386 2377 2364 2348 2335 2328 2309 2300 2281 2268 2257 2252 2241 2223 2210 2200 2189 2130 2118 2114 2109 2102 2089 2074 2062 2053 2045 2040 2037 2032 2024
2238 2244 2255 2262 2267 2268 2270 2271 2274 2270 2267 2263 2265 2267 2271 2278 2286 2293 2299 2304 2310 2317 2322 2326 2332 2345 2357 2366 2378 2391 2405 2415 2426 2439 2450 2462 2475 2483 2496 2503 2508 2521 2529 2534 2524 2506 2481 2465 2450 2436 2419 2402 2391 2383 2373 2361 2344 2327 2309 2292 2278 2265 2253 2242 2233 2225 2218 2205 2186 2170 2128 2121 2118 2111 2103 2092 2075 2065 2058 2049 2043 2040 2035 2026
2252 2260 2267 2273 2277 2278 2279 2282 2286 2285 2282 2279 2277 2277 2277 2281 2284 2289 2293 2298 2304 2310 2317 2324 2332 2343 2355 2365 2376 2388 2400 2415 2427 2439 2453 2467 2481 2496 2508 2519 2524 2533 2540 2537 2528 2505 2489 2475 2460 2451 2428 2411 2390 2378 2368 2357 2337 2314 2300 2281 2274 2260 2243 2230 2222 2215 2208 2197 2178 2155 2133 2125 2117 2110 2102 2093 2079 2068 2061 2054 2047 2043 2038 2028
2262 2269 2274 2278 2281 2285 2288 2291 2295 2297 2297 2295 2293 2291 2289 2288 2290 2293 2297 2301 2305 2311 2317 2325 2335 2345 2358 2369 2379 2390 2401 2415 2431 2446 2460 2473 2486 2501 2513 2524 2535 2540 2543 2535 2523 2511 2497 2480 2466 2455 2438 2412 2393 2376 2364 2349 2333 2314 2299 2291 2278 2261 2241 2226 2213 2206 2195 2182 2160 2139 2132 2123 2114 2107 2099 2091 2080 2070 2063 2055 2046 2041 2035 2028
2265 2271 2275 2279 2285 2291 2295 2300 2304 2307 2308 2308 2306 2304 2300 2299 2300 2303 2310 2316 2317 2318 2323 2326 2336 2347 2359 2371 2382 2393 2405 2418 2433 2449 2463 2477 2492 2506 2519 2527 2534 2541 2541 2533 2522 2507 2494 2476 2465 2446 2420 2408 2388 2370 2356 2344 2335 2317 2305 2291 2278 2255 2240 2226 2206 2195 2178 2157 2137 2128 2121 2115 2107 2099 2092 2085 2077 2067 2060 2053 2040 2032 2029 2024
2267 2273 2278 2282 2289 2298 2304 2309 2313 2315 2316 2317 2317 2315 2313 2312 2313 2317 2324 2327 2329 2330 2332 2335 2339 2348 2357 2369 2380 2391 2404 2417 2429 2445 2461 2476 2491 2507 2518 2527 2533 2538 2542 2536 2513 2498 2481 2467 2452 2430 2414 2404 2388 2369 2350 2340 2331 2315 2298 2278 2258 2246 2240 2224 2205 2182 2157 2143 2131 2118 2110 2108 2100 2088 2081 2076 2069 2061 2054 2045 2033 2028 2022 2018
2272 2278 2283 2286 2293 2302 2312 2319 2320 2322 2323 2324 2325 2324 2324 2324 2326 2331 2334 2336 2341 2341 2342 2342 2345 2350 2357 2366 2377 2390 2404 2418 2430 2442 2456 2473 2488 2501 2513 2522 2531 2535 2537 2529 2512 2494 2474 2453 2440 2419 2408 2398 2382 2363 2345 2336 2322 2308 2290 2269 2255 2244 2233 2215 2193 2171 2151 2135 2124 2112 2104 2099 2086 2079 2072 2066 2058 2050 2045 2038 2029 2024 2018 2013
2270 2276 2282 2290 2296 2306 2316 2322 2328 2330 2332 2333 2331 2332 2334 2338 2341 2341 2342 2345 2350 2354 2352 2351 2353 2356 2360 2368 2381 2395 2408 2421 2431 2441 2456 2469 2484 2499 2509 2521 2528 2534 2534 2530 2510 2486 2470 2454 2435 2419 2400 2385 2369 2351 2339 2328 2315 2303 2287 2267 2254 2243 2225 2200 2189 2172 2148 2132 2123 2112 2107 2092 2084 2077 2072 2064 2057 2048 2040 2033 2029 2024 2018 2012
2263 2271 2279 2289 2300 2308 2317 2326 2332 2338 2340 2339 2339 2340 2345 2350 2350 2349 2348 2354 2362 2366 2366 2365 2365 2366 2370 2375 2386 2397 2409 2421 2434 2447 2457 2469 2482 2498 2513 2521 2528 2534 2536 2528 2500 2479 2468 2451 2433 2416 2391 2375 2358 2344 2335 2323 2311 2300 2286 2272 2257 2240 2221 2205 2189 2171 2153 2140 2130 2123 2114 2103 2088 2083 2079 2071 2058 2047 2040 2036 2031 2026 2020 2014
2256 2266 2275 2287 2297 2308 2315 2322 2334 2345 2348 2350 2351 2353 2356 2358 2360 2362 2366 2370 2375 2377 2377 2376 2376 2377 2381 2384 2391 2398 2406 2422 2438 2449 2457 2467 2484 2500 2509 2518 2527 2532 2533 2525 2504 2476 2465 2447 2433 2411 2386 2373 2359 2347 2335 2321 2308 2301 2288 2278 2261 2241 2226 2213 2197 2174 2160 2151 2140 2132 2120 2107 2096 2092 2087 2075 2060 2049 2042 2038 2032 2025 2018 2012
2249 2257 2267 2280 2297 2307 2314 2324 2337 2348 2355 2357 2358 2361 2364 2370 2375 2377 2379 2383 2385 2386 2386 2388 2390 2392 2391 2395 2397 2401 2410 2424 2439 2449 2456 2470 2485 2495 2505 2513 2524 2530 2531 2524 2506 2480 2464 2446 2425 2405 2386 2375 2363 2356 2342 2328 2316 2305 2293 2278 2257 2244 2232 2218 2202 2183 2169 2161 2148 2136 2121 2114 2106 2097 2091 2076 2063 2051 2046 2039 2032 2023 2016 2013
2244 2250 2262 2280 2292 2303 2313 2325 2339 2347 2353 2357 2362 2368 2375 2382 2387 2388 2388 2390 2393 2395 2398 2403 2409 2410 2408 2409 2410 2417 2425 2432 2441 2451 2461 2471 2484 2494 2503 2512 2523 2530 2530 2525 2506 2484 2466 2443 2425 2405 2394 2378 2369 2358 2350 2337 2325 2311 2292 2272 2258 2248 2234 2216 2201 2190 2179 2171 2157 2143 2131 2122 2112 2099 2082 2073 2064 2056 2050 2046 2037 2027 2018 2015
2241 2249 2260 2274 2287 2295 2305 2318 2329 2338 2346 2355 2366 2378 2387 2393 2396 2398 2399 2402 2404 2406 2410 2420 2426 2429 2427 2424 2426 2430 2432 2437 2445 2456 2466 2475 2486 2495 2503 2512 2523 2530 2531 2520 2501 2487 2469 2448 2431 2416 2406 2394 2379 2369 2360 2350 2335 2316 2293 2276 2266 2255 2240 2222 2212 2206 2193 2186 2177 2168 2147 2135 2113 2094 2087 2076 2073 2068 2063 2057 2049 2038 2025 2019
