lessons/landlab/landlab/DEMData/SRTMGL1_39.93_-105.33_40.0_-105.26.asc
ncols        252
nrows        252
xllcorner    -105.330138888879
yllcorner    39.930138888886
cellsize     0.000277777778
NODATA_value -32768
[rows 0 to 37 of 252, columns 168 to 251 of 252]
1725 1725 1725 1726 1728 1729 1728 1728 1727 1726 1724 1723 1722 1722 1723 1722 1721 1720 1719 1717 1719 1718 1716 1712 1710 1709 1708 1709 1711 1710 1708 1703 1699 1696 1696 1697 1695 1692 1689 1687 1685 1682 1680 1679 1677 1677 1677 1676 1673 1671 1668 1667 1667 1666 1664 1663 1662 1660 1659 1658 1657 1657 1656 1655 1658 1657 1654 1652 1653 1652 1651 1649 1650 1650 1649 1647 1646 1645 1646 1646 1645 1643 1642 1641
1729 1725 1726 1728 1730 1732 1733 1732 1729 1728 1727 1726 1725 1725 1724 1724 1723 1724 1723 1723 1721 1720 1718 1716 1713 1712 1712 1712 1712 1710 1706 1703 1701 1699 1698 1698 1696 1692 1689 1687 1685 1683 1681 1680 1678 1676 1675 1675 1673 1670 1668 1668 1667 1666 1665 1664 1663 1661 1660 1659 1659 1659 1658 1658 1659 1659 1656 1654 1654 1654 1652 1651 1650 1650 1649 1647 1645 1645 1645 1645 1644 1643 1642 1641
1730 1728 1729 1732 1735 1738 1739 1736 1732 1732 1733 1732 1731 1730 1729 1727 1726 1726 1727 1726 1724 1722 1720 1719 1718 1718 1716 1714 1711 1708 1706 1704 1702 1700 1698 1697 1693 1692 1690 1688 1685 1683 1683 1682 1679 1676 1675 1675 1674 1673 1670 1670 1669 1668 1667 1665 1663 1661 1660 1660 1660 1661 1659 1658 1659 1658 1656 1654 1655 1655 1655 1653 1651 1649 1648 1647 1646 1644 1644 1643 1643 1642 1641 1641
1732 1733 1735 1735 1737 1740 1742 1742 1740 1736 1735 1735 1734 1734 1735 1733 1729 1726 1726 1725 1723 1722 1720 1719 1719 1718 1716 1714 1711 1709 1706 1705 1703 1701 1698 1694 1692 1692 1690 1687 1685 1683 1683 1683 1680 1677 1675 1675 1675 1674 1673 1671 1669 1668 1667 1666 1664 1663 1663 1662 1661 1661 1659 1658 1658 1659 1658 1656 1655 1656 1655 1652 1649 1648 1648 1647 1646 1644 1643 1642 1642 1642 1642 1642
1737 1738 1739 1739 1740 1740 1742 1743 1739 1735 1735 1739 1739 1739 1739 1737 1732 1727 1725 1724 1721 1719 1718 1718 1718 1716 1714 1713 1711 1710 1707 1704 1703 1701 1696 1692 1691 1691 1689 1686 1685 1684 1683 1681 1681 1679 1677 1676 1676 1675 1673 1671 1670 1668 1668 1667 1665 1663 1661 1661 1659 1659 1658 1657 1658 1658 1658 1656 1655 1655 1653 1651 1650 1649 1648 1647 1645 1644 1643 1642 1642 1643 1644 1643
1739 1740 1742 1743 1742 1742 1743 1744 1741 1738 1739 1744 1744 1742 1740 1738 1733 1731 1727 1724 1720 1718 1718 1718 1717 1716 1714 1713 1712 1709 1707 1703 1701 1699 1696 1695 1694 1691 1688 1686 1685 1685 1683 1681 1681 1680 1679 1678 1677 1676 1674 1673 1671 1670 1669 1669 1667 1662 1659 1658 1658 1657 1657 1656 1656 1656 1655 1654 1653 1652 1652 1652 1651 1651 1649 1647 1645 1645 1644 1643 1642 1643 1644 1644
1740 1741 1743 1745 1745 1745 1746 1747 1746 1744 1743 1746 1748 1745 1743 1740 1735 1731 1728 1724 1721 1719 1718 1717 1716 1713 1713 1713 1711 1707 1703 1701 1700 1699 1697 1696 1694 1691 1688 1688 1689 1688 1686 1682 1679 1678 1678 1677 1677 1675 1674 1673 1672 1671 1671 1670 1668 1663 1660 1658 1658 1658 1657 1657 1655 1654 1653 1651 1650 1650 1651 1652 1652 1651 1650 1647 1646 1646 1645 1644 1642 1642 1643 1643
1743 1743 1746 1747 1748 1749 1748 1748 1748 1747 1746 1748 1749 1748 1746 1742 1736 1731 1727 1724 1722 1718 1716 1714 1714 1712 1712 1712 1712 1709 1705 1702 1700 1699 1697 1695 1694 1691 1689 1689 1691 1690 1686 1682 1677 1676 1676 1676 1675 1673 1672 1671 1671 1671 1669 1668 1667 1665 1663 1661 1661 1661 1660 1658 1656 1654 1652 1650 1649 1649 1651 1652 1652 1652 1651 1649 1646 1646 1646 1644 1642 1642 1642 1642
1748 1746 1745 1748 1749 1750 1749 1748 1749 1749 1750 1750 1749 1746 1743 1741 1736 1733 1729 1726 1725 1724 1718 1716 1715 1712 1711 1712 1714 1713 1707 1702 1700 1700 1697 1694 1694 1693 1690 1689 1690 1689 1684 1680 1678 1678 1678 1675 1673 1672 1671 1669 1670 1670 1669 1668 1666 1665 1664 1664 1663 1663 1660 1658 1656 1655 1653 1653 1653 1653 1653 1654 1653 1653 1654 1651 1648 1647 1646 1644 1643 1642 1642 1642
1761 1753 1752 1752 1753 1752 1751 1749 1749 1750 1751 1750 1748 1743 1738 1736 1735 1734 1732 1732 1732 1731 1726 1720 1716 1712 1711 1712 1713 1711 1705 1701 1700 1697 1696 1694 1693 1693 1690 1689 1688 1687 1685 1682 1679 1680 1679 1677 1674 1673 1672 1671 1670 1671 1670 1669 1666 1665 1664 1664 1664 1662 1661 1659 1658 1657 1656 1656 1657 1656 1656 1654 1653 1654 1654 1654 1652 1650 1648 1646 1645 1644 1644 1644
1769 1766 1758 1758 1757 1754 1751 1750 1750 1749 1749 1747 1745 1741 1736 1735 1735 1737 1739 1740 1740 1737 1730 1723 1716 1712 1710 1711 1711 1707 1704 1700 1697 1696 1695 1694 1693 1692 1691 1688 1687 1686 1686 1683 1682 1681 1681 1678 1676 1676 1675 1673 1672 1671 1671 1668 1666 1665 1665 1664 1663 1662 1661 1660 1660 1659 1658 1658 1657 1656 1656 1655 1654 1653 1654 1653 1653 1652 1649 1648 1647 1646 1646 1645
1770 1766 1763 1763 1760 1756 1753 1752 1752 1751 1749 1745 1744 1742 1739 1737 1736 1742 1748 1749 1745 1740 1734 1726 1720 1715 1713 1711 1709 1707 1703 1700 1697 1695 1696 1695 1694 1694 1692 1689 1687 1686 1683 1682 1681 1681 1679 1677 1676 1676 1675 1673 1671 1671 1670 1667 1665 1664 1665 1665 1664 1662 1662 1660 1660 1661 1660 1660 1658 1656 1656 1656 1654 1653 1652 1652 1653 1652 1649 1648 1648 1647 1646 1645
1769 1768 1768 1766 1763 1759 1757 1756 1756 1753 1749 1746 1745 1745 1744 1743 1743 1746 1755 1754 1748 1743 1738 1732 1726 1721 1717 1714 1710 1706 1704 1702 1699 1697 1696 1695 1693 1692 1691 1689 1687 1684 1682 1679 1679 1679 1677 1676 1674 1674 1673 1672 1671 1670 1670 1668 1666 1665 1665 1664 1664 1663 1661 1660 1659 1660 1661 1660 1659 1657 1657 1656 1655 1653 1652 1652 1652 1651 1648 1648 1648 1648 1647 1646
1782 1778 1772 1768 1765 1763 1761 1760 1757 1752 1749 1748 1749 1751 1753 1754 1755 1757 1765 1761 1754 1747 1742 1736 1731 1725 1721 1715 1709 1705 1704 1703 1701 1699 1697 1696 1692 1689 1688 1689 1686 1684 1682 1682 1681 1679 1678 1676 1675 1673 1673 1671 1670 1670 1670 1669 1668 1666 1665 1663 1663 1662 1661 1660 1659 1659 1659 1660 1658 1657 1656 1655 1653 1652 1652 1652 1653 1652 1649 1648 1648 1648 1647 1647
1789 1785 1776 1769 1767 1766 1765 1764 1757 1754 1752 1751 1756 1763 1764 1765 1765 1766 1767 1765 1761 1756 1752 1748 1741 1730 1723 1716 1709 1705 1704 1703 1700 1699 1699 1697 1693 1688 1686 1688 1687 1684 1685 1683 1682 1681 1679 1677 1676 1674 1673 1672 1670 1669 1669 1669 1668 1667 1665 1661 1661 1661 1661 1661 1660 1659 1660 1658 1657 1655 1654 1653 1652 1653 1653 1653 1654 1653 1651 1649 1649 1649 1649 1648
1792 1784 1777 1771 1768 1768 1767 1764 1761 1758 1760 1763 1764 1768 1771 1773 1773 1771 1771 1769 1768 1766 1763 1754 1743 1734 1723 1716 1710 1706 1704 1702 1700 1699 1700 1699 1695 1691 1691 1697 1703 1688 1683 1680 1680 1681 1679 1677 1676 1675 1674 1672 1670 1670 1670 1669 1668 1667 1665 1662 1661 1661 1661 1663 1663 1662 1661 1659 1657 1656 1655 1653 1653 1654 1655 1656 1655 1654 1652 1650 1650 1651 1651 1650
1793 1785 1777 1771 1769 1767 1766 1765 1763 1763 1770 1771 1772 1773 1778 1779 1781 1781 1778 1776 1772 1769 1763 1751 1742 1730 1719 1715 1711 1708 1706 1706 1705 1705 1704 1703 1703 1706 1707 1712 1707 1694 1687 1681 1681 1681 1679 1677 1676 1676 1675 1676 1675 1674 1671 1669 1667 1666 1665 1664 1663 1662 1662 1664 1664 1664 1663 1662 1659 1657 1656 1655 1655 1656 1656 1657 1657 1655 1653 1651 1651 1652 1653 1651
1790 1784 1778 1772 1770 1767 1765 1764 1763 1771 1778 1780 1780 1780 1782 1784 1786 1785 1782 1778 1776 1769 1761 1748 1739 1729 1718 1712 1710 1711 1712 1712 1712 1710 1709 1709 1712 1712 1713 1711 1709 1700 1694 1688 1683 1681 1679 1677 1676 1676 1677 1680 1684 1682 1672 1668 1666 1664 1666 1667 1666 1664 1664 1665 1665 1666 1666 1663 1660 1660 1659 1658 1657 1657 1657 1658 1659 1656 1652 1651 1650 1652 1654 1652
1792 1787 1781 1776 1771 1767 1766 1767 1772 1779 1783 1787 1788 1789 1789 1789 1787 1785 1779 1776 1772 1765 1755 1748 1742 1732 1719 1713 1709 1709 1712 1716 1716 1715 1714 1717 1718 1717 1712 1715 1720 1714 1709 1697 1688 1682 1681 1679 1675 1674 1677 1680 1684 1681 1673 1670 1669 1669 1671 1671 1670 1667 1667 1668 1667 1666 1665 1663 1660 1660 1660 1659 1658 1658 1658 1658 1658 1655 1653 1650 1649 1651 1652 1652
1794 1790 1783 1775 1769 1767 1771 1777 1784 1790 1791 1794 1795 1795 1792 1790 1789 1783 1779 1773 1767 1761 1751 1747 1746 1737 1725 1715 1711 1709 1713 1718 1722 1722 1722 1723 1721 1718 1715 1718 1725 1722 1719 1707 1698 1690 1687 1682 1678 1675 1675 1678 1679 1680 1677 1675 1674 1673 1673 1672 1671 1669 1670 1671 1669 1667 1664 1660 1660 1660 1660 1659 1659 1659 1659 1659 1658 1656 1654 1652 1650 1649 1652 1651
1794 1787 1780 1773 1770 1771 1776 1784 1791 1794 1796 1797 1800 1798 1791 1788 1785 1782 1774 1766 1759 1753 1746 1742 1740 1734 1723 1717 1715 1715 1718 1723 1727 1729 1732 1733 1733 1727 1725 1726 1725 1721 1713 1708 1700 1694 1690 1686 1683 1679 1678 1678 1679 1680 1679 1676 1674 1673 1673 1673 1673 1672 1673 1672 1671 1668 1664 1661 1661 1662 1662 1661 1660 1660 1660 1661 1661 1659 1657 1654 1652 1651 1652 1651
1796 1787 1778 1775 1774 1776 1783 1790 1795 1800 1800 1801 1802 1800 1793 1786 1782 1776 1767 1758 1753 1747 1741 1739 1736 1730 1723 1721 1722 1722 1725 1727 1732 1734 1738 1741 1742 1738 1733 1729 1726 1717 1711 1710 1705 1697 1692 1689 1689 1687 1684 1682 1682 1682 1680 1677 1675 1674 1672 1672 1673 1674 1673 1673 1672 1669 1665 1663 1663 1664 1664 1663 1661 1660 1660 1661 1662 1661 1660 1657 1654 1653 1652 1652
1795 1786 1781 1779 1780 1786 1791 1796 1801 1806 1805 1801 1802 1802 1797 1790 1781 1769 1759 1753 1747 1741 1738 1736 1733 1727 1724 1724 1727 1732 1734 1735 1738 1741 1742 1747 1751 1745 1740 1735 1727 1721 1714 1711 1708 1701 1695 1690 1690 1690 1686 1684 1682 1681 1680 1678 1676 1675 1673 1672 1673 1673 1674 1674 1673 1671 1667 1665 1666 1667 1667 1664 1661 1661 1661 1662 1662 1662 1660 1658 1656 1654 1652 1651
1793 1787 1784 1783 1788 1796 1803 1807 1807 1807 1805 1801 1798 1799 1796 1789 1777 1766 1759 1752 1744 1738 1736 1734 1730 1726 1726 1730 1735 1739 1740 1742 1746 1747 1748 1749 1748 1749 1744 1739 1730 1722 1719 1716 1708 1703 1698 1692 1690 1687 1685 1682 1681 1680 1680 1679 1678 1677 1675 1674 1675 1675 1675 1675 1673 1670 1667 1665 1666 1668 1668 1666 1664 1662 1662 1662 1663 1663 1662 1659 1658 1657 1655 1652
1794 1790 1786 1788 1795 1804 1810 1813 1811 1808 1804 1801 1798 1796 1791 1783 1771 1761 1756 1750 1744 1739 1734 1732 1729 1728 1731 1735 1739 1743 1744 1748 1748 1749 1751 1754 1756 1752 1747 1740 1734 1726 1722 1719 1712 1704 1702 1696 1690 1687 1684 1683 1681 1682 1681 1680 1679 1678 1677 1677 1677 1676 1675 1673 1670 1667 1665 1665 1666 1668 1668 1668 1665 1663 1663 1663 1664 1664 1663 1660 1659 1659 1657 1655
1793 1790 1791 1798 1807 1815 1819 1818 1814 1809 1803 1799 1796 1790 1784 1773 1763 1755 1749 1746 1743 1737 1733 1731 1730 1732 1737 1740 1748 1753 1758 1757 1755 1755 1762 1765 1764 1761 1757 1751 1744 1735 1723 1721 1715 1711 1706 1698 1692 1687 1685 1684 1685 1685 1685 1682 1681 1680 1678 1678 1677 1674 1672 1671 1668 1666 1665 1667 1668 1668 1668 1667 1666 1664 1663 1663 1662 1661 1660 1660 1660 1658 1656 1656
1796 1798 1802 1811 1818 1821 1823 1819 1814 1806 1800 1794 1789 1784 1776 1768 1759 1750 1744 1742 1742 1737 1735 1736 1739 1744 1749 1756 1761 1767 1769 1767 1766 1767 1770 1770 1767 1767 1766 1761 1751 1736 1728 1724 1721 1714 1703 1700 1693 1689 1688 1688 1686 1685 1683 1683 1682 1680 1678 1676 1675 1673 1670 1670 1670 1669 1669 1669 1670 1669 1667 1666 1666 1665 1664 1663 1660 1661 1663 1664 1663 1659 1654 1654
1806 1811 1816 1822 1823 1822 1821 1817 1810 1804 1797 1788 1780 1774 1770 1764 1754 1745 1742 1739 1738 1741 1742 1749 1753 1758 1764 1770 1774 1775 1773 1771 1769 1771 1772 1771 1770 1768 1767 1762 1753 1743 1734 1729 1723 1712 1701 1698 1696 1692 1690 1688 1686 1682 1681 1680 1680 1679 1677 1677 1677 1675 1674 1673 1672 1672 1672 1672 1672 1670 1667 1667 1667 1667 1664 1661 1661 1664 1669 1669 1667 1659 1655 1654
1817 1823 1826 1828 1827 1823 1820 1815 1809 1801 1796 1783 1775 1771 1765 1758 1751 1745 1742 1741 1743 1747 1753 1758 1762 1769 1775 1780 1781 1778 1777 1777 1776 1775 1776 1773 1772 1772 1771 1767 1762 1753 1744 1736 1724 1712 1701 1699 1696 1693 1691 1690 1686 1684 1683 1680 1679 1678 1679 1679 1679 1679 1677 1675 1674 1673 1673 1673 1673 1670 1669 1668 1668 1667 1666 1662 1662 1666 1668 1668 1664 1660 1655 1654
1828 1831 1832 1833 1830 1825 1821 1816 1809 1805 1799 1788 1777 1772 1765 1757 1751 1746 1745 1748 1752 1757 1765 1770 1776 1780 1782 1783 1784 1783 1782 1780 1780 1779 1778 1775 1773 1773 1772 1770 1763 1753 1745 1739 1727 1715 1706 1700 1697 1695 1692 1689 1687 1685 1683 1682 1681 1680 1680 1681 1681 1680 1679 1677 1676 1675 1674 1675 1674 1673 1671 1670 1669 1668 1666 1664 1662 1661 1663 1663 1661 1657 1657 1657
1836 1836 1835 1833 1829 1826 1822 1819 1813 1807 1798 1788 1779 1771 1764 1758 1753 1750 1751 1755 1760 1765 1772 1779 1784 1784 1787 1789 1789 1788 1785 1783 1780 1779 1778 1776 1775 1774 1773 1770 1764 1756 1748 1735 1725 1714 1706 1701 1698 1695 1691 1689 1687 1686 1685 1685 1683 1682 1683 1683 1683 1681 1680 1679 1678 1678 1677 1676 1675 1673 1672 1671 1669 1667 1666 1664 1663 1662 1662 1662 1661 1660 1660 1659
1844 1841 1837 1833 1829 1826 1823 1820 1815 1806 1797 1790 1781 1772 1766 1760 1756 1755 1755 1758 1763 1771 1778 1786 1789 1790 1790 1792 1792 1789 1786 1783 1780 1778 1780 1778 1778 1776 1772 1769 1762 1754 1743 1732 1723 1716 1710 1706 1703 1696 1692 1690 1689 1688 1688 1687 1686 1684 1683 1684 1683 1682 1681 1679 1678 1679 1679 1678 1676 1675 1674 1671 1668 1667 1666 1665 1664 1663 1664 1665 1665 1664 1664 1663
1847 1843 1839 1834 1830 1827 1823 1819 1816 1809 1800 1791 1781 1771 1764 1764 1763 1763 1764 1768 1775 1781 1786 1794 1798 1795 1794 1792 1792 1789 1784 1782 1781 1780 1778 1778 1778 1774 1768 1761 1754 1745 1738 1730 1723 1718 1713 1708 1706 1701 1693 1691 1690 1689 1688 1687 1686 1684 1684 1684 1684 1682 1681 1680 1679 1679 1679 1679 1677 1677 1676 1674 1670 1667 1666 1666 1665 1665 1665 1666 1667 1667 1668 1666
1845 1842 1840 1835 1832 1829 1824 1821 1817 1812 1803 1793 1780 1770 1764 1764 1767 1771 1777 1784 1789 1793 1797 1800 1803 1802 1798 1795 1791 1788 1782 1781 1782 1782 1780 1776 1774 1768 1758 1751 1744 1739 1732 1726 1720 1714 1708 1704 1703 1700 1696 1693 1692 1691 1689 1688 1687 1686 1686 1685 1685 1683 1682 1681 1681 1680 1679 1679 1679 1679 1679 1678 1674 1669 1667 1666 1666 1666 1666 1666 1667 1669 1668 1666
1845 1843 1842 1842 1836 1831 1828 1823 1818 1812 1802 1791 1781 1772 1766 1768 1772 1778 1787 1796 1800 1804 1802 1802 1801 1800 1798 1794 1792 1788 1783 1780 1784 1783 1778 1772 1767 1761 1754 1746 1741 1736 1729 1722 1717 1711 1706 1702 1700 1698 1697 1697 1697 1696 1695 1692 1690 1689 1688 1687 1686 1685 1684 1684 1683 1681 1681 1681 1681 1681 1680 1678 1673 1668 1666 1666 1666 1666 1667 1667 1667 1667 1666 1665
1846 1843 1844 1845 1840 1832 1828 1824 1819 1811 1800 1790 1777 1769 1768 1772 1778 1787 1797 1804 1808 1807 1806 1802 1800 1798 1796 1794 1793 1791 1787 1785 1785 1781 1771 1763 1759 1755 1749 1744 1738 1732 1727 1721 1716 1711 1704 1701 1698 1698 1698 1697 1697 1698 1696 1695 1692 1690 1689 1688 1687 1686 1685 1684 1684 1683 1683 1683 1683 1682 1678 1675 1671 1668 1669 1667 1668 1667 1667 1665 1662 1662 1662 1663
1848 1842 1841 1841 1836 1830 1829 1826 1818 1810 1798 1788 1778 1772 1773 1778 1788 1798 1807 1809 1809 1808 1808 1805 1801 1800 1799 1796 1795 1792 1788 1782 1778 1771 1762 1755 1751 1748 1744 1738 1732 1726 1722 1717 1713 1707 1704 1702 1704 1703 1700 1698 1697 1696 1696 1694 1692 1690 1689 1689 1689 1687 1684 1681 1681 1681 1683 1683 1682 1681 1679 1675 1674 1672 1672 1672 1673 1671 1667 1663 1660 1658 1659 1661
1851 1844 1840 1839 1837 1833 1830 1826 1819 1808 1799 1791 1786 1786 1787 1790 1797 1805 1810 1814 1811 1808 1808 1807 1803 1802 1802 1800 1796 1791 1785 1776 1769 1764 1756 1748 1745 1744 1738 1731 1726 1721 1716 1713 1710 1708 1707 1707 1706 1706 1702 1698 1696 1697 1696 1695 1693 1690 1690 1690 1691 1689 1685 1683 1680 1681 1681 1681 1682 1681 1680 1679 1677 1676 1676 1676 1675 1673 1668 1666 1662 1660 1660 1662
