lessons/landlab/landlab/DEMData/SRTMGL1_39.93_-105.33_40.0_-105.26.asc
ncols        252
nrows        252
xllcorner    -105.330138888879
yllcorner    39.930138888886
cellsize     0.000277777778
NODATA_value -32768
[rows 114 to 151 of 252, columns 168 to 251 of 252]
1991 1986 1985 1984 1980 1978 1978 1980 1980 1983 1985 1980 1968 1952 1941 1933 1920 1905 1894 1887 1883 1877 1873 1867 1863 1860 1857 1854 1847 1841 1838 1842 1846 1850 1855 1857 1861 1865 1867 1865 1862 1856 1847 1839 1831 1824 1819 1812 1803 1798 1798 1798 1801 1808 1813 1820 1818 1816 1814 1812 1809 1805 1799 1796 1790 1785 1779 1776 1774 1771 1768 1765 1762 1759 1755 1753 1750 1749 1749 1748 1746 1746 1747 1748
1995 1991 1988 1986 1983 1981 1980 1979 1980 1983 1984 1982 1967 1952 1941 1931 1920 1911 1899 1887 1886 1884 1882 1878 1872 1866 1859 1857 1856 1853 1856 1860 1863 1864 1866 1867 1868 1868 1868 1866 1862 1857 1852 1846 1837 1829 1823 1814 1805 1800 1800 1802 1807 1811 1814 1818 1820 1818 1815 1813 1810 1804 1797 1792 1791 1789 1787 1784 1781 1778 1774 1770 1769 1766 1764 1759 1755 1754 1753 1752 1750 1749 1749 1749
1995 1991 1987 1984 1983 1981 1977 1976 1977 1981 1983 1980 1971 1957 1943 1932 1922 1914 1904 1894 1889 1887 1886 1884 1878 1871 1863 1861 1862 1864 1866 1869 1872 1872 1872 1874 1874 1870 1867 1863 1859 1855 1852 1847 1841 1831 1824 1818 1808 1805 1805 1809 1815 1818 1819 1821 1822 1820 1816 1814 1811 1806 1800 1797 1798 1800 1799 1796 1792 1787 1782 1778 1776 1775 1772 1768 1762 1758 1756 1754 1753 1752 1751 1752
1994 1992 1986 1983 1981 1977 1974 1974 1976 1979 1982 1980 1975 1963 1950 1937 1925 1917 1907 1897 1893 1890 1888 1887 1885 1879 1875 1874 1871 1871 1871 1875 1879 1879 1876 1875 1876 1871 1866 1861 1856 1851 1846 1841 1836 1828 1822 1818 1815 1814 1815 1817 1821 1824 1825 1824 1823 1821 1819 1815 1812 1809 1805 1803 1803 1805 1804 1801 1796 1792 1789 1785 1783 1783 1780 1775 1769 1762 1758 1756 1756 1756 1756 1756
2000 1995 1987 1982 1980 1977 1975 1975 1977 1979 1980 1979 1974 1966 1956 1944 1930 1920 1909 1901 1898 1897 1892 1891 1891 1891 1889 1885 1882 1879 1881 1884 1883 1879 1875 1874 1872 1868 1864 1859 1852 1846 1840 1837 1833 1827 1821 1819 1820 1823 1824 1824 1827 1829 1827 1825 1823 1822 1819 1817 1813 1810 1809 1807 1805 1805 1804 1800 1795 1792 1790 1788 1787 1785 1784 1780 1775 1768 1763 1760 1759 1758 1758 1760
2003 1996 1988 1983 1980 1977 1975 1976 1975 1976 1977 1976 1973 1966 1957 1947 1935 1923 1915 1909 1903 1900 1899 1897 1900 1902 1898 1892 1889 1885 1884 1883 1880 1874 1872 1870 1867 1864 1861 1857 1849 1842 1839 1837 1835 1830 1825 1822 1825 1829 1831 1831 1831 1830 1828 1825 1824 1822 1820 1818 1816 1814 1812 1809 1806 1805 1803 1800 1797 1795 1792 1789 1788 1788 1785 1781 1776 1769 1765 1764 1764 1763 1763 1763
2004 1998 1993 1987 1983 1977 1975 1972 1971 1969 1969 1970 1968 1964 1956 1950 1937 1926 1921 1915 1908 1905 1906 1906 1907 1907 1903 1898 1894 1888 1884 1879 1873 1870 1868 1865 1863 1861 1858 1855 1848 1844 1843 1845 1846 1843 1835 1835 1834 1836 1836 1834 1832 1831 1828 1826 1824 1823 1821 1818 1815 1814 1812 1809 1807 1806 1805 1803 1799 1797 1794 1791 1790 1789 1787 1783 1777 1771 1770 1770 1769 1767 1766 1765
2006 2002 1998 1996 1985 1982 1975 1973 1969 1965 1963 1962 1963 1960 1955 1948 1941 1933 1927 1921 1914 1910 1912 1910 1908 1905 1902 1895 1889 1885 1883 1877 1873 1870 1870 1869 1867 1865 1866 1860 1855 1854 1854 1855 1855 1852 1849 1846 1845 1842 1840 1836 1835 1833 1831 1828 1825 1824 1822 1818 1815 1812 1811 1809 1807 1807 1806 1804 1800 1796 1792 1789 1788 1787 1786 1783 1779 1777 1776 1773 1770 1767 1765 1764
2005 2002 2000 1996 1992 1986 1981 1975 1969 1964 1959 1958 1959 1957 1955 1949 1942 1935 1929 1923 1917 1916 1914 1912 1907 1904 1900 1893 1886 1885 1885 1882 1881 1881 1880 1878 1874 1874 1871 1868 1863 1860 1858 1857 1856 1855 1851 1849 1846 1844 1841 1840 1837 1836 1832 1828 1825 1823 1821 1817 1814 1812 1811 1810 1808 1806 1804 1800 1795 1791 1788 1786 1784 1783 1782 1780 1778 1778 1777 1774 1771 1767 1765 1764
2006 2002 1999 1993 1988 1985 1979 1972 1967 1962 1955 1953 1953 1953 1951 1947 1940 1933 1928 1923 1921 1917 1914 1909 1905 1903 1901 1897 1891 1889 1889 1889 1889 1889 1887 1881 1877 1875 1873 1871 1867 1863 1860 1860 1859 1855 1850 1846 1843 1840 1839 1838 1836 1834 1831 1827 1825 1823 1821 1818 1815 1812 1810 1809 1807 1805 1803 1799 1794 1790 1788 1784 1782 1780 1777 1776 1776 1777 1777 1773 1770 1767 1765 1764
2003 1999 1994 1988 1982 1978 1973 1966 1960 1958 1951 1948 1948 1947 1945 1941 1936 1931 1925 1922 1919 1917 1911 1906 1903 1904 1905 1902 1897 1893 1892 1891 1890 1888 1886 1881 1878 1875 1873 1871 1868 1865 1864 1864 1862 1854 1849 1846 1843 1840 1836 1834 1832 1830 1829 1827 1825 1825 1822 1818 1815 1811 1810 1807 1807 1805 1803 1801 1798 1794 1789 1786 1782 1779 1776 1773 1773 1774 1772 1769 1766 1763 1762 1762
2000 1995 1988 1982 1977 1971 1968 1961 1958 1954 1950 1946 1944 1941 1938 1936 1932 1930 1924 1922 1920 1918 1913 1908 1905 1905 1905 1904 1901 1898 1894 1891 1889 1886 1883 1881 1879 1877 1874 1871 1868 1866 1866 1865 1861 1853 1849 1846 1844 1841 1836 1832 1828 1827 1826 1826 1825 1823 1819 1816 1814 1813 1810 1808 1806 1804 1802 1801 1797 1794 1789 1786 1783 1779 1775 1772 1770 1770 1768 1764 1761 1758 1757 1756
1997 1990 1982 1979 1975 1973 1970 1965 1960 1957 1952 1948 1945 1940 1937 1932 1931 1929 1929 1926 1923 1920 1918 1914 1910 1909 1906 1905 1901 1897 1893 1891 1888 1884 1881 1880 1879 1879 1875 1871 1867 1863 1861 1860 1856 1852 1847 1843 1840 1836 1830 1827 1825 1824 1823 1823 1823 1821 1817 1812 1811 1811 1809 1807 1804 1801 1799 1796 1794 1792 1789 1786 1782 1778 1774 1771 1769 1768 1766 1762 1757 1756 1755 1754
1990 1986 1979 1978 1979 1977 1974 1968 1964 1957 1953 1951 1949 1945 1940 1936 1933 1932 1931 1930 1927 1925 1921 1917 1915 1911 1907 1905 1902 1898 1893 1890 1889 1886 1882 1879 1878 1878 1875 1871 1865 1859 1855 1853 1852 1848 1844 1838 1834 1828 1827 1824 1823 1820 1819 1820 1819 1817 1811 1807 1806 1806 1805 1803 1801 1799 1796 1794 1793 1792 1789 1785 1781 1777 1774 1772 1770 1768 1766 1764 1762 1760 1759 1756
1991 1988 1985 1982 1981 1980 1975 1968 1963 1959 1954 1952 1950 1946 1942 1937 1933 1930 1930 1928 1926 1923 1921 1916 1912 1910 1908 1908 1907 1902 1894 1888 1886 1886 1882 1878 1876 1875 1872 1867 1862 1857 1851 1848 1847 1844 1838 1832 1828 1827 1826 1824 1821 1819 1818 1818 1816 1813 1807 1804 1804 1804 1804 1802 1801 1799 1797 1795 1793 1792 1789 1784 1780 1777 1775 1775 1773 1770 1768 1767 1766 1763 1760 1758
1992 1990 1986 1983 1981 1978 1971 1964 1960 1957 1954 1950 1946 1941 1937 1934 1930 1926 1923 1921 1918 1916 1912 1908 1906 1904 1906 1907 1907 1903 1895 1887 1883 1882 1879 1874 1872 1871 1866 1863 1860 1855 1850 1846 1844 1841 1835 1828 1824 1824 1823 1820 1818 1816 1814 1812 1811 1810 1807 1804 1803 1803 1803 1801 1799 1798 1796 1794 1791 1789 1786 1782 1779 1778 1777 1776 1774 1772 1768 1766 1764 1762 1760 1757
1989 1985 1981 1979 1976 1972 1966 1960 1955 1952 1949 1944 1939 1934 1930 1928 1926 1923 1919 1915 1911 1907 1905 1901 1898 1898 1899 1900 1900 1897 1893 1889 1884 1881 1876 1872 1868 1867 1865 1860 1855 1851 1847 1843 1840 1836 1831 1826 1822 1820 1817 1815 1813 1812 1810 1808 1807 1808 1807 1804 1803 1802 1800 1799 1797 1796 1794 1792 1789 1787 1785 1782 1780 1778 1776 1774 1771 1769 1766 1762 1761 1760 1759 1756
1985 1979 1974 1973 1969 1966 1961 1955 1951 1946 1942 1938 1935 1930 1928 1927 1927 1925 1922 1915 1909 1905 1900 1897 1894 1893 1893 1892 1889 1888 1887 1885 1881 1878 1875 1872 1868 1866 1861 1854 1849 1845 1842 1838 1833 1829 1827 1823 1820 1817 1815 1813 1811 1809 1807 1807 1808 1807 1805 1802 1800 1798 1798 1796 1795 1794 1793 1791 1788 1786 1784 1781 1778 1776 1774 1772 1769 1765 1764 1763 1761 1760 1757 1755
1983 1976 1970 1969 1966 1962 1957 1952 1949 1945 1937 1935 1930 1935 1938 1938 1936 1933 1926 1921 1913 1908 1902 1899 1895 1891 1888 1885 1884 1883 1882 1878 1874 1872 1869 1867 1864 1861 1854 1847 1842 1839 1836 1832 1828 1826 1823 1821 1819 1817 1817 1814 1811 1808 1808 1808 1807 1805 1802 1799 1796 1795 1794 1793 1793 1792 1790 1788 1784 1781 1780 1778 1775 1775 1774 1773 1769 1766 1764 1763 1762 1759 1758 1755
1985 1978 1975 1971 1968 1965 1962 1958 1956 1952 1945 1939 1941 1945 1952 1949 1944 1940 1935 1927 1922 1916 1910 1902 1898 1893 1887 1884 1881 1881 1878 1873 1867 1863 1861 1859 1855 1853 1849 1844 1840 1835 1831 1829 1826 1825 1823 1820 1818 1817 1816 1814 1810 1809 1810 1808 1804 1800 1797 1795 1792 1791 1790 1790 1789 1788 1786 1785 1783 1779 1777 1775 1774 1774 1773 1773 1772 1768 1765 1763 1761 1760 1758 1757
1994 1993 1987 1980 1978 1976 1974 1971 1967 1963 1959 1956 1954 1957 1956 1953 1948 1943 1939 1933 1928 1923 1917 1909 1904 1900 1892 1887 1885 1882 1878 1872 1864 1857 1853 1852 1849 1847 1846 1841 1838 1834 1833 1831 1828 1825 1822 1820 1818 1817 1817 1813 1810 1810 1811 1808 1803 1799 1796 1792 1789 1788 1787 1786 1786 1784 1782 1780 1780 1777 1775 1773 1773 1772 1772 1771 1770 1768 1765 1763 1762 1760 1758 1757
2005 2004 1998 1990 1986 1983 1981 1979 1976 1974 1971 1967 1964 1960 1959 1955 1951 1945 1938 1933 1929 1925 1920 1916 1910 1905 1899 1895 1890 1886 1882 1874 1865 1856 1852 1851 1850 1848 1845 1840 1834 1834 1834 1831 1828 1825 1824 1824 1823 1822 1820 1818 1816 1814 1813 1811 1808 1805 1800 1795 1790 1788 1786 1786 1784 1782 1780 1779 1777 1775 1772 1770 1770 1770 1770 1768 1766 1765 1764 1763 1763 1761 1758 1756
2016 2012 2004 1996 1992 1989 1987 1985 1984 1982 1979 1975 1972 1968 1964 1960 1955 1946 1938 1932 1926 1921 1919 1915 1911 1907 1902 1899 1896 1892 1888 1883 1875 1868 1864 1864 1859 1854 1850 1843 1838 1835 1833 1830 1828 1828 1829 1828 1827 1826 1824 1823 1820 1818 1816 1814 1812 1808 1802 1797 1793 1790 1789 1788 1785 1784 1783 1780 1778 1776 1773 1771 1770 1770 1769 1766 1763 1762 1761 1761 1759 1758 1756 1754
2024 2019 2011 2003 2000 1997 1994 1992 1990 1988 1985 1981 1978 1974 1970 1965 1956 1945 1936 1930 1923 1919 1916 1913 1911 1907 1903 1898 1896 1895 1891 1886 1882 1879 1877 1872 1867 1862 1858 1852 1844 1836 1833 1829 1831 1832 1831 1829 1828 1827 1824 1822 1821 1819 1817 1814 1811 1806 1802 1797 1792 1791 1788 1785 1784 1783 1782 1781 1779 1778 1776 1773 1772 1772 1769 1766 1763 1761 1759 1757 1755 1754 1753 1753
2027 2022 2016 2008 2004 2003 2000 1997 1994 1989 1983 1980 1978 1975 1971 1965 1954 1943 1934 1928 1922 1915 1912 1909 1907 1904 1898 1894 1894 1893 1890 1885 1883 1881 1878 1874 1870 1865 1862 1857 1848 1838 1831 1834 1835 1834 1831 1829 1827 1826 1823 1821 1820 1818 1815 1813 1810 1807 1802 1798 1793 1790 1786 1783 1782 1781 1782 1781 1780 1777 1774 1772 1771 1771 1769 1767 1765 1763 1760 1757 1755 1754 1753 1751
2024 2023 2018 2012 2006 2003 2001 1997 1993 1989 1982 1976 1976 1974 1970 1964 1955 1943 1934 1927 1920 1914 1908 1904 1902 1898 1892 1890 1889 1888 1885 1882 1880 1878 1875 1873 1869 1864 1859 1856 1849 1842 1839 1839 1839 1836 1831 1830 1828 1826 1824 1822 1821 1818 1815 1812 1810 1807 1804 1798 1793 1788 1784 1783 1783 1782 1781 1781 1779 1777 1774 1773 1772 1771 1770 1767 1764 1762 1760 1759 1757 1755 1752 1749
2024 2022 2021 2012 2007 2005 2001 1995 1990 1985 1980 1976 1973 1971 1968 1964 1955 1944 1933 1926 1919 1911 1905 1901 1898 1894 1890 1888 1887 1885 1882 1880 1876 1874 1871 1869 1864 1860 1857 1855 1852 1848 1844 1843 1842 1838 1834 1830 1828 1825 1824 1824 1822 1819 1815 1811 1809 1805 1801 1798 1792 1788 1785 1784 1785 1784 1783 1781 1779 1777 1775 1774 1773 1772 1770 1767 1762 1760 1760 1760 1759 1756 1754 1751
2028 2022 2018 2011 2006 2003 1999 1992 1985 1979 1974 1971 1969 1965 1964 1962 1955 1945 1934 1926 1918 1911 1905 1901 1897 1893 1890 1888 1887 1884 1882 1879 1874 1869 1866 1862 1860 1857 1857 1857 1854 1850 1846 1842 1840 1838 1835 1831 1828 1824 1823 1823 1822 1817 1814 1814 1810 1806 1801 1799 1797 1792 1790 1789 1789 1787 1784 1782 1781 1778 1775 1774 1772 1771 1770 1768 1764 1761 1760 1760 1759 1757 1755 1753
2025 2018 2012 2006 2002 1997 1991 1985 1978 1972 1967 1964 1960 1959 1961 1961 1958 1945 1936 1927 1918 1909 1902 1897 1894 1890 1887 1886 1885 1883 1881 1877 1872 1866 1863 1861 1859 1859 1858 1855 1852 1849 1846 1841 1839 1839 1837 1834 1830 1826 1825 1824 1820 1817 1814 1814 1812 1807 1803 1801 1799 1796 1793 1792 1790 1786 1783 1783 1783 1781 1775 1772 1771 1770 1770 1768 1766 1763 1760 1759 1756 1754 1753 1751
2022 2015 2007 2002 1996 1989 1985 1979 1975 1967 1965 1961 1958 1958 1959 1960 1956 1946 1937 1927 1920 1912 1902 1895 1892 1888 1885 1883 1881 1880 1878 1875 1871 1866 1863 1862 1863 1860 1857 1852 1849 1850 1849 1845 1842 1841 1838 1833 1829 1826 1825 1824 1822 1817 1814 1812 1809 1806 1803 1802 1800 1796 1792 1791 1787 1784 1781 1781 1781 1777 1775 1773 1770 1768 1767 1766 1764 1763 1760 1757 1755 1752 1750 1749
2018 2010 2001 1997 1992 1986 1981 1980 1972 1966 1965 1962 1959 1956 1957 1958 1955 1948 1938 1928 1921 1914 1904 1897 1893 1891 1887 1884 1880 1878 1877 1875 1873 1868 1865 1865 1865 1863 1858 1855 1853 1853 1851 1849 1846 1842 1837 1832 1830 1828 1826 1824 1822 1817 1814 1811 1808 1806 1804 1802 1800 1796 1792 1790 1786 1782 1781 1780 1779 1777 1775 1773 1770 1767 1765 1763 1762 1760 1759 1757 1755 1752 1749 1747
2012 2005 1999 1993 1990 1984 1980 1978 1971 1967 1965 1962 1958 1957 1956 1955 1953 1947 1938 1928 1920 1912 1906 1902 1897 1894 1892 1888 1885 1881 1878 1877 1876 1874 1870 1868 1866 1864 1861 1858 1859 1857 1854 1851 1848 1843 1838 1833 1832 1831 1828 1825 1821 1817 1813 1812 1810 1807 1804 1799 1798 1796 1793 1790 1786 1783 1782 1781 1779 1778 1775 1773 1770 1768 1765 1763 1761 1761 1760 1758 1755 1751 1748 1746
2012 2005 1998 1993 1989 1984 1980 1978 1972 1967 1965 1960 1957 1955 1952 1950 1948 1945 1937 1928 1919 1911 1905 1902 1900 1898 1895 1892 1889 1885 1883 1882 1881 1881 1877 1872 1869 1868 1865 1866 1864 1862 1858 1853 1849 1843 1838 1835 1833 1831 1826 1822 1819 1816 1814 1812 1810 1807 1801 1797 1796 1795 1793 1791 1788 1783 1782 1780 1778 1776 1774 1772 1771 1769 1766 1763 1762 1761 1761 1758 1754 1751 1748 1745
2013 2007 2001 1996 1992 1987 1985 1983 1980 1975 1966 1959 1956 1953 1949 1946 1943 1940 1938 1931 1922 1909 1901 1901 1900 1901 1899 1896 1892 1889 1887 1887 1886 1885 1883 1879 1874 1872 1873 1872 1870 1866 1861 1856 1850 1842 1838 1835 1833 1829 1823 1819 1816 1814 1812 1811 1809 1805 1800 1796 1794 1794 1792 1789 1785 1783 1780 1777 1774 1773 1771 1769 1768 1768 1765 1763 1761 1760 1757 1755 1753 1750 1748 1746
2012 2008 2003 2000 1996 1994 1991 1989 1986 1980 1971 1964 1957 1952 1948 1943 1940 1937 1934 1931 1918 1908 1902 1901 1903 1904 1902 1898 1895 1891 1890 1889 1888 1886 1886 1882 1879 1878 1878 1876 1872 1868 1865 1858 1851 1844 1840 1838 1835 1829 1820 1818 1816 1812 1809 1809 1807 1804 1800 1797 1795 1793 1791 1786 1780 1778 1776 1774 1773 1772 1769 1767 1766 1766 1765 1762 1760 1758 1755 1754 1753 1750 1747 1743
2013 2006 2003 1998 1995 1992 1991 1989 1985 1979 1971 1962 1957 1953 1947 1942 1938 1935 1931 1923 1916 1910 1906 1907 1906 1905 1901 1898 1897 1895 1894 1892 1890 1889 1886 1882 1880 1878 1877 1875 1873 1870 1865 1858 1851 1844 1840 1839 1836 1830 1825 1821 1818 1812 1807 1806 1805 1802 1799 1796 1794 1792 1790 1784 1779 1776 1774 1773 1772 1771 1769 1766 1765 1765 1764 1761 1758 1755 1753 1753 1751 1750 1746 1744
2015 2008 2002 1997 1991 1987 1985 1983 1978 1972 1967 1960 1955 1952 1947 1941 1937 1933 1928 1923 1918 1915 1913 1911 1908 1905 1903 1900 1899 1900 1898 1895 1893 1892 1889 1885 1881 1879 1876 1874 1871 1868 1864 1858 1851 1843 1840 1838 1834 1830 1825 1821 1818 1811 1807 1804 1804 1802 1798 1795 1792 1790 1788 1785 1781 1778 1776 1774 1774 1772 1769 1766 1763 1763 1763 1762 1757 1753 1752 1751 1750 1748 1747 1745
2019 2010 2005 1998 1989 1984 1980 1977 1970 1964 1961 1957 1954 1952 1947 1942 1937 1934 1930 1925 1921 1918 1915 1914 1913 1910 1907 1904 1903 1902 1901 1899 1897 1893 1890 1885 1882 1879 1877 1874 1870 1868 1865 1861 1854 1846 1840 1837 1833 1829 1825 1821 1818 1814 1807 1804 1802 1800 1797 1794 1790 1788 1787 1784 1781 1778 1777 1777 1774 1772 1768 1765 1762 1762 1763 1760 1756 1754 1751 1749 1749 1749 1748 1746
