lessons/landlab/landlab/DEMData/SRTMGL1_39.93_-105.33_40.0_-105.26.asc
ncols        252
nrows        252
xllcorner    -105.330138888879
yllcorner    39.930138888886
cellsize     0.000277777778
NODATA_value -32768
[rows 76 to 113 of 252, columns 168 to 251 of 252]
1897 1903 1912 1919 1927 1925 1922 1909 1897 1885 1874 1868 1862 1857 1856 1855 1854 1851 1848 1846 1845 1847 1843 1845 1853 1860 1865 1867 1866 1864 1861 1858 1857 1857 1856 1853 1852 1852 1849 1846 1843 1840 1834 1829 1822 1814 1805 1797 1789 1781 1770 1761 1757 1751 1745 1739 1735 1730 1724 1719 1717 1715 1714 1713 1712 1710 1709 1708 1708 1708 1708 1707 1706 1706 1705 1704 1703 1704 1704 1705 1701 1698 1695 1696
1905 1909 1915 1923 1928 1930 1924 1913 1901 1890 1881 1869 1861 1861 1860 1859 1855 1855 1856 1859 1857 1859 1858 1858 1864 1867 1869 1868 1865 1864 1861 1860 1859 1858 1858 1857 1855 1853 1847 1840 1837 1834 1828 1822 1814 1807 1800 1792 1786 1777 1768 1761 1757 1753 1745 1739 1732 1729 1726 1722 1718 1716 1714 1713 1712 1711 1710 1710 1710 1710 1708 1706 1705 1705 1706 1705 1704 1704 1705 1704 1701 1696 1694 1696
1905 1910 1916 1921 1926 1928 1924 1918 1913 1901 1885 1873 1868 1865 1865 1863 1862 1863 1866 1870 1870 1867 1865 1866 1868 1870 1870 1869 1868 1866 1864 1862 1860 1859 1860 1859 1854 1849 1842 1835 1830 1825 1818 1810 1805 1800 1793 1786 1780 1774 1766 1760 1755 1751 1745 1736 1729 1726 1725 1721 1718 1716 1714 1713 1711 1711 1711 1711 1711 1710 1709 1708 1706 1705 1706 1705 1704 1704 1703 1702 1700 1698 1697 1698
1905 1908 1911 1915 1916 1918 1920 1919 1915 1909 1894 1883 1877 1874 1870 1871 1872 1872 1874 1877 1876 1873 1872 1872 1872 1872 1874 1872 1869 1867 1866 1866 1865 1862 1859 1855 1850 1843 1835 1828 1822 1815 1808 1802 1797 1793 1788 1781 1775 1769 1763 1756 1751 1746 1740 1734 1728 1724 1722 1720 1718 1716 1715 1713 1711 1710 1710 1709 1709 1710 1710 1710 1708 1707 1706 1705 1705 1704 1704 1703 1703 1701 1700 1699
1903 1904 1903 1905 1907 1910 1913 1914 1913 1907 1899 1890 1884 1877 1875 1875 1877 1880 1880 1881 1879 1876 1875 1876 1874 1873 1872 1872 1869 1869 1869 1869 1869 1865 1857 1850 1841 1834 1827 1821 1814 1807 1800 1793 1789 1785 1780 1775 1769 1764 1759 1752 1745 1740 1735 1732 1727 1723 1721 1720 1719 1718 1716 1715 1712 1710 1709 1710 1710 1711 1712 1712 1710 1709 1708 1707 1707 1707 1706 1706 1705 1704 1702 1702
1899 1898 1896 1897 1899 1904 1910 1912 1911 1907 1900 1892 1882 1874 1870 1873 1877 1881 1883 1882 1880 1876 1874 1873 1870 1868 1866 1865 1866 1867 1867 1866 1864 1859 1849 1838 1832 1825 1819 1813 1804 1798 1791 1785 1781 1777 1772 1767 1763 1757 1750 1746 1740 1736 1733 1729 1725 1722 1721 1720 1721 1720 1719 1717 1715 1712 1712 1712 1712 1712 1713 1713 1712 1710 1709 1708 1709 1708 1708 1708 1708 1706 1704 1703
1891 1892 1888 1887 1889 1895 1901 1906 1910 1908 1901 1891 1878 1869 1866 1866 1870 1875 1878 1878 1877 1873 1870 1866 1863 1860 1859 1859 1859 1860 1859 1857 1852 1843 1833 1828 1823 1818 1810 1802 1794 1787 1783 1778 1773 1769 1764 1760 1755 1748 1743 1739 1737 1734 1731 1728 1726 1723 1721 1721 1722 1722 1720 1719 1717 1714 1713 1713 1714 1714 1714 1713 1712 1710 1709 1708 1708 1708 1707 1708 1708 1706 1704 1703
1883 1882 1880 1878 1881 1886 1892 1899 1906 1907 1899 1888 1878 1870 1863 1859 1859 1861 1867 1869 1867 1865 1860 1855 1853 1850 1845 1846 1849 1849 1848 1846 1840 1832 1825 1819 1815 1809 1801 1793 1785 1782 1777 1772 1768 1764 1759 1754 1751 1744 1738 1736 1733 1729 1727 1727 1726 1724 1723 1723 1722 1722 1720 1718 1716 1715 1715 1715 1715 1715 1714 1713 1711 1710 1709 1709 1709 1708 1708 1708 1708 1706 1705 1704
1875 1872 1870 1869 1871 1875 1882 1889 1897 1901 1896 1885 1876 1867 1858 1852 1850 1851 1853 1854 1854 1851 1848 1844 1841 1837 1834 1835 1836 1836 1836 1833 1828 1822 1816 1811 1807 1800 1790 1784 1781 1779 1776 1770 1765 1760 1755 1752 1747 1741 1737 1734 1730 1727 1726 1726 1726 1725 1725 1724 1723 1721 1719 1717 1717 1717 1717 1717 1717 1716 1715 1713 1712 1712 1712 1712 1712 1711 1709 1709 1708 1707 1705 1705
1870 1864 1862 1860 1861 1866 1872 1878 1886 1890 1886 1879 1870 1860 1851 1846 1842 1843 1844 1845 1844 1841 1838 1834 1830 1828 1827 1827 1826 1825 1826 1824 1820 1815 1809 1805 1800 1794 1786 1779 1776 1774 1770 1766 1762 1758 1754 1750 1746 1744 1740 1735 1733 1731 1730 1730 1728 1725 1724 1724 1722 1720 1719 1718 1718 1719 1720 1719 1718 1717 1717 1716 1715 1715 1715 1714 1714 1713 1711 1710 1709 1708 1705 1704
1869 1862 1858 1855 1853 1858 1863 1867 1871 1875 1876 1869 1863 1853 1846 1840 1836 1835 1835 1835 1834 1831 1828 1824 1820 1817 1817 1816 1815 1815 1815 1813 1810 1808 1805 1800 1796 1791 1785 1778 1774 1771 1769 1766 1763 1761 1757 1751 1747 1746 1744 1740 1736 1735 1735 1732 1727 1726 1725 1724 1723 1721 1720 1720 1720 1720 1720 1719 1718 1718 1718 1718 1718 1717 1715 1714 1714 1714 1713 1713 1711 1709 1707 1706
1873 1864 1858 1852 1848 1846 1849 1853 1856 1859 1858 1856 1850 1845 1838 1831 1825 1823 1826 1825 1824 1822 1818 1812 1808 1808 1806 1806 1807 1808 1806 1805 1803 1802 1801 1798 1795 1791 1785 1781 1778 1775 1773 1766 1763 1762 1759 1753 1748 1746 1745 1743 1740 1737 1735 1731 1727 1726 1727 1725 1723 1722 1723 1723 1722 1721 1721 1719 1718 1719 1720 1720 1720 1718 1716 1714 1715 1715 1715 1713 1712 1710 1709 1708
1881 1870 1860 1852 1842 1837 1837 1839 1844 1846 1844 1839 1837 1833 1826 1821 1816 1815 1816 1816 1814 1812 1807 1802 1801 1802 1802 1802 1803 1803 1801 1799 1798 1797 1796 1796 1795 1792 1789 1786 1782 1778 1774 1768 1762 1758 1756 1752 1749 1748 1747 1744 1741 1737 1733 1730 1728 1728 1728 1727 1725 1725 1726 1725 1722 1722 1722 1722 1721 1720 1721 1722 1721 1720 1718 1718 1717 1716 1715 1713 1712 1711 1710 1709
1883 1870 1858 1847 1841 1837 1833 1832 1834 1839 1835 1831 1828 1825 1821 1815 1811 1808 1808 1806 1807 1805 1800 1795 1792 1796 1798 1798 1798 1798 1797 1796 1794 1793 1794 1796 1799 1796 1793 1789 1785 1781 1775 1769 1762 1759 1757 1755 1754 1753 1751 1746 1743 1736 1736 1734 1732 1731 1731 1729 1728 1728 1727 1725 1723 1723 1724 1724 1723 1722 1723 1724 1722 1720 1719 1718 1717 1716 1715 1713 1713 1713 1712 1711
1877 1865 1852 1844 1839 1836 1833 1830 1830 1836 1833 1830 1826 1823 1820 1816 1811 1807 1804 1802 1800 1799 1794 1788 1786 1787 1790 1791 1792 1794 1794 1794 1793 1793 1797 1803 1806 1806 1804 1798 1791 1782 1776 1769 1764 1760 1760 1758 1757 1756 1752 1748 1743 1740 1738 1736 1734 1732 1731 1730 1729 1729 1728 1727 1726 1725 1725 1725 1725 1724 1724 1724 1723 1721 1720 1719 1720 1718 1716 1715 1715 1715 1714 1713
1870 1860 1849 1841 1837 1836 1837 1838 1843 1845 1846 1841 1837 1833 1829 1824 1818 1813 1807 1803 1799 1795 1790 1787 1785 1785 1786 1786 1787 1788 1787 1786 1791 1799 1805 1813 1815 1814 1811 1806 1796 1786 1778 1774 1771 1767 1762 1759 1755 1752 1748 1744 1742 1739 1737 1734 1732 1731 1730 1729 1729 1729 1729 1728 1728 1727 1726 1726 1726 1726 1726 1725 1724 1722 1722 1722 1722 1721 1719 1718 1718 1717 1715 1714
1862 1855 1849 1841 1838 1839 1844 1849 1852 1855 1857 1857 1851 1843 1839 1835 1829 1820 1814 1807 1802 1796 1792 1789 1787 1786 1785 1784 1784 1781 1779 1779 1784 1794 1804 1810 1813 1813 1812 1806 1798 1788 1782 1777 1772 1767 1762 1757 1753 1748 1744 1741 1739 1738 1736 1734 1733 1732 1731 1730 1730 1731 1731 1731 1730 1729 1728 1728 1727 1727 1727 1726 1726 1725 1725 1725 1725 1723 1720 1719 1718 1717 1715 1712
1856 1852 1848 1843 1841 1843 1850 1858 1865 1870 1871 1869 1862 1851 1845 1841 1833 1824 1819 1814 1809 1804 1798 1795 1794 1791 1788 1785 1782 1779 1773 1776 1783 1788 1793 1799 1806 1808 1806 1801 1795 1786 1779 1774 1769 1762 1757 1753 1749 1746 1743 1740 1739 1739 1738 1737 1736 1736 1734 1733 1733 1734 1734 1733 1732 1731 1730 1729 1728 1727 1726 1727 1727 1727 1727 1727 1725 1723 1720 1719 1719 1718 1716 1715
1852 1848 1847 1848 1848 1854 1861 1870 1878 1883 1882 1878 1875 1861 1849 1842 1834 1826 1821 1822 1820 1812 1806 1803 1801 1798 1793 1788 1784 1780 1776 1776 1780 1783 1784 1789 1794 1798 1797 1792 1785 1778 1772 1768 1764 1759 1755 1753 1748 1744 1741 1741 1740 1740 1740 1739 1738 1739 1739 1737 1737 1737 1737 1735 1733 1732 1731 1731 1730 1729 1728 1727 1728 1727 1728 1727 1724 1721 1720 1720 1720 1720 1720 1718
1852 1849 1851 1855 1859 1866 1874 1881 1888 1889 1888 1891 1889 1875 1857 1846 1837 1830 1825 1825 1824 1819 1814 1810 1807 1807 1802 1798 1795 1789 1782 1777 1776 1776 1778 1780 1784 1785 1785 1783 1777 1770 1765 1760 1757 1754 1753 1751 1745 1741 1741 1741 1742 1742 1742 1741 1741 1741 1741 1739 1737 1737 1738 1736 1734 1733 1733 1733 1733 1731 1730 1729 1728 1728 1728 1727 1724 1722 1721 1721 1721 1721 1721 1719
1855 1856 1859 1864 1871 1876 1883 1891 1899 1904 1907 1905 1899 1884 1866 1850 1840 1835 1831 1830 1829 1827 1826 1823 1818 1813 1812 1810 1805 1797 1786 1779 1775 1774 1775 1775 1775 1775 1774 1772 1768 1764 1759 1756 1754 1751 1749 1747 1745 1744 1742 1743 1744 1744 1744 1744 1742 1742 1740 1738 1736 1737 1738 1737 1735 1734 1733 1733 1733 1733 1732 1732 1731 1730 1729 1728 1725 1724 1723 1722 1720 1720 1720 1719
1863 1864 1868 1875 1879 1882 1887 1895 1905 1916 1918 1917 1907 1893 1873 1858 1849 1842 1837 1833 1836 1835 1832 1829 1825 1822 1818 1815 1808 1800 1792 1785 1779 1775 1773 1771 1770 1768 1766 1765 1763 1761 1758 1756 1755 1752 1749 1750 1750 1749 1748 1747 1747 1747 1746 1745 1744 1743 1742 1740 1739 1738 1738 1737 1736 1735 1734 1734 1734 1734 1735 1735 1733 1732 1730 1728 1726 1726 1726 1724 1721 1720 1720 1721
1872 1872 1874 1879 1883 1887 1896 1908 1919 1926 1926 1921 1912 1899 1882 1866 1857 1849 1841 1844 1846 1844 1840 1836 1834 1833 1830 1823 1816 1810 1803 1795 1787 1780 1774 1771 1768 1765 1763 1762 1762 1761 1758 1757 1757 1756 1755 1754 1755 1755 1754 1751 1751 1750 1747 1746 1745 1744 1744 1743 1742 1740 1739 1740 1740 1740 1738 1736 1735 1735 1736 1735 1734 1733 1731 1729 1727 1727 1728 1725 1722 1721 1722 1723
1883 1882 1882 1886 1889 1896 1905 1918 1931 1934 1932 1926 1918 1906 1893 1878 1866 1855 1851 1852 1853 1851 1848 1845 1843 1843 1841 1835 1825 1818 1811 1804 1796 1789 1785 1778 1774 1770 1767 1766 1767 1764 1763 1763 1762 1761 1758 1757 1757 1757 1756 1753 1752 1750 1748 1747 1747 1747 1745 1743 1743 1742 1742 1743 1745 1745 1742 1739 1738 1736 1736 1734 1734 1734 1731 1729 1728 1728 1726 1725 1723 1723 1723 1724
1890 1888 1887 1890 1894 1901 1910 1922 1932 1938 1935 1928 1920 1908 1895 1883 1872 1862 1858 1856 1855 1854 1851 1848 1847 1846 1843 1838 1832 1824 1816 1810 1804 1797 1792 1790 1785 1779 1774 1770 1771 1771 1769 1768 1769 1768 1764 1763 1762 1761 1758 1756 1754 1752 1750 1749 1750 1749 1748 1745 1747 1746 1746 1747 1747 1745 1743 1742 1740 1738 1736 1734 1733 1732 1732 1730 1728 1727 1725 1723 1724 1724 1725 1723
1894 1890 1890 1892 1895 1903 1913 1926 1936 1940 1938 1932 1922 1911 1896 1882 1874 1866 1860 1859 1859 1857 1854 1851 1849 1847 1844 1841 1838 1833 1824 1817 1810 1805 1801 1798 1794 1788 1781 1777 1776 1777 1776 1775 1776 1775 1773 1771 1767 1762 1759 1757 1755 1753 1751 1750 1751 1752 1753 1751 1751 1752 1751 1750 1748 1746 1744 1743 1742 1740 1738 1735 1733 1733 1732 1730 1728 1725 1723 1723 1723 1724 1725 1724
1900 1894 1891 1893 1897 1902 1914 1927 1935 1941 1941 1936 1925 1912 1899 1888 1877 1867 1865 1864 1863 1860 1857 1853 1851 1848 1847 1845 1843 1838 1831 1825 1823 1817 1811 1807 1802 1797 1793 1786 1781 1780 1780 1783 1785 1784 1780 1774 1769 1765 1760 1758 1756 1753 1753 1754 1756 1758 1756 1755 1755 1755 1754 1751 1748 1744 1743 1742 1742 1741 1740 1738 1737 1737 1735 1733 1729 1726 1726 1725 1725 1725 1725 1725
1910 1900 1897 1900 1902 1906 1916 1928 1940 1946 1945 1938 1927 1914 1903 1894 1884 1876 1869 1866 1865 1861 1859 1856 1853 1851 1849 1846 1843 1839 1835 1833 1833 1829 1822 1817 1811 1804 1798 1792 1785 1784 1786 1787 1787 1785 1782 1778 1774 1772 1767 1760 1756 1754 1753 1756 1759 1761 1759 1757 1757 1756 1755 1752 1748 1745 1742 1742 1743 1743 1742 1741 1741 1739 1738 1735 1731 1730 1730 1731 1730 1729 1728 1727
1920 1909 1907 1908 1912 1912 1920 1933 1946 1950 1950 1943 1932 1919 1903 1894 1885 1877 1871 1869 1866 1864 1861 1859 1856 1853 1850 1847 1843 1841 1838 1836 1834 1833 1827 1821 1815 1806 1800 1795 1790 1789 1790 1790 1790 1788 1786 1783 1780 1776 1772 1767 1759 1754 1757 1758 1760 1762 1763 1761 1759 1758 1755 1752 1750 1748 1746 1744 1745 1743 1742 1742 1740 1738 1737 1735 1733 1732 1732 1732 1733 1732 1729 1728
1922 1913 1907 1913 1915 1918 1925 1937 1945 1950 1952 1947 1937 1924 1910 1896 1886 1878 1873 1871 1868 1865 1863 1858 1855 1851 1848 1846 1842 1839 1835 1833 1832 1830 1825 1821 1814 1807 1799 1795 1793 1792 1793 1794 1793 1791 1788 1785 1780 1776 1774 1769 1763 1760 1762 1765 1764 1765 1766 1765 1763 1760 1756 1752 1751 1750 1748 1746 1744 1743 1743 1741 1739 1736 1735 1734 1734 1733 1733 1734 1734 1732 1730 1728
1924 1917 1914 1916 1919 1922 1929 1940 1949 1955 1956 1952 1938 1924 1911 1899 1889 1880 1875 1869 1866 1864 1861 1857 1854 1850 1846 1844 1842 1838 1834 1831 1830 1827 1821 1817 1813 1808 1801 1795 1794 1794 1798 1800 1799 1796 1791 1787 1783 1778 1776 1771 1766 1766 1770 1769 1768 1768 1769 1768 1765 1763 1759 1754 1753 1752 1751 1748 1746 1745 1743 1742 1739 1738 1737 1737 1736 1736 1736 1736 1735 1733 1732 1731
1927 1923 1922 1923 1925 1929 1936 1946 1954 1961 1961 1952 1939 1924 1911 1900 1888 1880 1875 1869 1863 1861 1860 1857 1853 1850 1846 1845 1844 1841 1836 1832 1830 1826 1819 1814 1812 1807 1804 1803 1801 1800 1799 1803 1805 1802 1798 1791 1786 1782 1777 1772 1770 1771 1773 1772 1770 1769 1769 1767 1765 1766 1765 1758 1755 1754 1752 1751 1750 1748 1746 1742 1741 1740 1740 1740 1739 1738 1738 1737 1737 1736 1735 1734
1934 1932 1932 1934 1936 1940 1946 1952 1961 1967 1965 1952 1937 1925 1911 1900 1889 1880 1873 1867 1862 1860 1858 1856 1854 1849 1847 1846 1846 1842 1836 1834 1831 1826 1821 1815 1811 1811 1811 1810 1809 1802 1799 1800 1801 1801 1798 1794 1791 1787 1781 1773 1771 1775 1776 1774 1772 1773 1772 1771 1771 1770 1768 1767 1761 1757 1754 1752 1752 1751 1748 1747 1745 1744 1743 1743 1742 1741 1740 1739 1738 1738 1737 1735
1944 1942 1940 1940 1944 1949 1956 1962 1969 1971 1966 1954 1940 1924 1909 1898 1888 1880 1875 1869 1863 1859 1856 1856 1855 1853 1849 1847 1844 1839 1835 1833 1831 1827 1822 1818 1814 1816 1817 1818 1812 1803 1801 1797 1796 1795 1794 1793 1793 1790 1780 1774 1774 1777 1781 1781 1782 1784 1782 1778 1776 1774 1778 1776 1773 1770 1763 1757 1756 1755 1753 1751 1750 1748 1746 1744 1744 1743 1740 1739 1738 1738 1739 1736
1953 1950 1949 1950 1951 1955 1960 1967 1973 1974 1970 1962 1948 1929 1910 1900 1892 1884 1878 1871 1864 1860 1858 1858 1857 1854 1849 1845 1842 1839 1833 1830 1827 1824 1822 1820 1817 1820 1825 1823 1819 1813 1807 1801 1797 1795 1795 1794 1793 1787 1782 1777 1777 1780 1786 1790 1793 1795 1795 1791 1788 1787 1788 1788 1786 1782 1776 1768 1761 1759 1756 1754 1753 1751 1747 1745 1745 1744 1743 1740 1738 1738 1738 1737
1962 1959 1959 1961 1958 1958 1963 1970 1974 1978 1976 1970 1955 1934 1917 1907 1899 1891 1881 1874 1867 1863 1860 1858 1855 1851 1846 1843 1840 1837 1834 1830 1826 1824 1825 1825 1829 1834 1836 1835 1828 1824 1821 1816 1811 1805 1798 1795 1792 1788 1785 1783 1783 1787 1794 1802 1805 1806 1806 1804 1801 1799 1797 1794 1789 1784 1777 1770 1764 1759 1755 1755 1755 1753 1750 1748 1748 1748 1744 1742 1740 1740 1740 1740
1970 1970 1970 1970 1964 1963 1964 1971 1976 1979 1979 1973 1961 1945 1927 1916 1906 1895 1886 1877 1870 1864 1862 1858 1857 1853 1849 1845 1842 1839 1834 1831 1829 1829 1833 1839 1844 1848 1850 1846 1841 1838 1833 1827 1821 1812 1804 1799 1794 1790 1789 1790 1794 1798 1804 1809 1813 1814 1815 1813 1810 1806 1802 1798 1793 1783 1775 1770 1765 1758 1756 1755 1756 1754 1752 1749 1748 1747 1746 1744 1744 1744 1745 1745
1982 1979 1979 1978 1973 1970 1971 1975 1979 1980 1981 1977 1964 1951 1939 1926 1912 1900 1891 1884 1876 1869 1865 1862 1859 1858 1855 1849 1845 1839 1835 1832 1835 1838 1844 1850 1853 1858 1861 1858 1854 1849 1840 1832 1825 1819 1813 1804 1799 1793 1792 1795 1799 1803 1809 1815 1818 1816 1814 1813 1811 1807 1802 1797 1791 1784 1776 1772 1769 1764 1760 1759 1757 1755 1753 1751 1748 1747 1746 1746 1746 1745 1747 1748
