lessons/landlab/landlab/DEMData/SRTMGL1_39.93_-105.33_40.0_-105.26.asc
ncols        252
nrows        252
xllcorner    -105.330138888879
yllcorner    39.930138888886
cellsize     0.000277777778
NODATA_value -32768
[rows 152 to 189 of 252, columns 168 to 251 of 252]
2022 2014 2006 1998 1993 1987 1981 1973 1968 1963 1960 1957 1954 1951 1949 1946 1943 1939 1935 1930 1925 1922 1920 1919 1917 1913 1910 1908 1906 1904 1903 1901 1896 1891 1886 1883 1880 1879 1877 1876 1874 1871 1867 1861 1856 1848 1842 1837 1832 1827 1823 1819 1816 1810 1803 1800 1798 1795 1793 1790 1788 1786 1785 1783 1780 1779 1778 1776 1773 1769 1766 1763 1762 1762 1761 1759 1756 1753 1750 1748 1747 1747 1746 1744
2022 2014 2007 2001 1996 1995 1986 1978 1972 1969 1966 1963 1959 1955 1952 1952 1951 1946 1941 1936 1932 1929 1926 1923 1917 1913 1911 1910 1908 1906 1903 1900 1896 1891 1887 1884 1881 1879 1877 1875 1873 1870 1866 1860 1855 1849 1843 1836 1829 1826 1821 1815 1810 1804 1799 1797 1795 1792 1790 1787 1784 1783 1781 1780 1778 1777 1774 1771 1770 1768 1765 1763 1762 1761 1759 1756 1754 1751 1749 1747 1745 1744 1743 1742
2022 2016 2009 2004 1999 1995 1990 1981 1977 1973 1971 1969 1965 1962 1958 1957 1956 1953 1949 1942 1937 1933 1928 1922 1918 1916 1916 1912 1909 1907 1903 1899 1896 1894 1891 1886 1882 1879 1877 1874 1874 1872 1864 1857 1853 1848 1842 1836 1829 1824 1819 1813 1807 1802 1799 1797 1794 1790 1788 1785 1781 1777 1775 1774 1773 1772 1770 1767 1766 1766 1765 1763 1763 1760 1756 1753 1751 1749 1748 1747 1744 1743 1742 1741
2023 2019 2014 2005 2000 1995 1989 1980 1977 1975 1974 1971 1968 1965 1964 1961 1959 1957 1952 1944 1940 1936 1930 1924 1920 1917 1914 1911 1908 1906 1904 1900 1897 1895 1893 1888 1883 1879 1876 1875 1874 1871 1867 1860 1854 1848 1842 1836 1829 1824 1819 1813 1807 1803 1800 1797 1793 1791 1788 1784 1778 1773 1772 1771 1769 1768 1765 1763 1763 1763 1761 1760 1759 1758 1756 1752 1749 1748 1748 1746 1742 1740 1740 1740
2018 2017 2010 2003 1999 1995 1990 1985 1978 1975 1974 1973 1970 1967 1966 1964 1960 1958 1951 1943 1939 1935 1930 1923 1919 1917 1914 1910 1907 1904 1902 1899 1897 1897 1895 1890 1885 1881 1877 1876 1875 1873 1870 1865 1857 1850 1844 1837 1831 1825 1820 1812 1805 1801 1798 1794 1791 1788 1786 1781 1776 1773 1770 1769 1766 1764 1763 1761 1760 1759 1758 1757 1757 1758 1758 1755 1751 1748 1747 1744 1740 1738 1737 1738
2013 2008 2004 2000 1998 1996 1992 1987 1982 1977 1977 1974 1969 1967 1966 1964 1961 1955 1949 1943 1934 1931 1926 1921 1916 1915 1913 1910 1908 1904 1902 1900 1898 1896 1895 1891 1887 1883 1880 1879 1877 1874 1870 1863 1857 1849 1845 1837 1831 1825 1820 1812 1806 1800 1795 1792 1788 1785 1781 1778 1774 1772 1770 1766 1764 1762 1760 1760 1758 1756 1756 1756 1757 1758 1758 1754 1751 1748 1745 1742 1739 1737 1735 1735
2010 2007 1999 1997 1996 1993 1990 1986 1982 1978 1977 1971 1967 1966 1966 1966 1962 1955 1949 1944 1936 1931 1926 1921 1916 1914 1913 1911 1907 1906 1903 1901 1896 1892 1889 1887 1885 1883 1882 1879 1876 1871 1867 1860 1854 1847 1840 1835 1829 1822 1816 1811 1806 1802 1794 1789 1784 1779 1775 1772 1770 1767 1766 1765 1763 1760 1759 1758 1756 1754 1753 1754 1755 1757 1755 1751 1748 1745 1742 1741 1740 1737 1736 1735
2008 2004 1998 1991 1989 1988 1985 1982 1979 1976 1972 1970 1968 1967 1969 1968 1963 1955 1949 1945 1939 1931 1926 1921 1917 1914 1910 1906 1904 1902 1902 1898 1893 1888 1883 1881 1880 1879 1876 1874 1870 1867 1863 1857 1852 1845 1836 1829 1823 1817 1811 1807 1804 1799 1790 1783 1779 1776 1772 1769 1766 1765 1766 1765 1763 1760 1758 1756 1753 1751 1750 1750 1751 1751 1750 1748 1746 1743 1741 1741 1740 1738 1736 1734
2004 2002 1994 1988 1985 1984 1983 1979 1976 1973 1971 1969 1968 1967 1968 1967 1963 1956 1950 1943 1935 1927 1923 1919 1915 1911 1905 1901 1899 1898 1897 1893 1890 1886 1880 1876 1875 1872 1868 1864 1863 1862 1857 1853 1847 1840 1832 1825 1819 1812 1808 1802 1798 1794 1787 1782 1779 1778 1776 1771 1768 1767 1766 1764 1758 1755 1753 1751 1750 1749 1748 1747 1746 1745 1745 1746 1745 1743 1742 1742 1741 1738 1735 1733
2004 1997 1992 1986 1983 1981 1976 1972 1969 1968 1967 1965 1965 1965 1965 1965 1963 1958 1952 1941 1932 1925 1923 1918 1914 1910 1905 1899 1897 1896 1894 1890 1887 1884 1879 1873 1870 1868 1863 1857 1855 1853 1850 1847 1842 1834 1828 1821 1812 1808 1802 1796 1793 1791 1789 1786 1784 1782 1781 1777 1771 1766 1762 1760 1756 1752 1751 1749 1748 1747 1747 1746 1744 1744 1744 1744 1742 1741 1740 1742 1742 1739 1735 1732
2004 1996 1989 1984 1980 1973 1969 1965 1963 1961 1961 1959 1958 1960 1962 1964 1963 1960 1952 1944 1934 1928 1923 1918 1915 1912 1906 1900 1896 1894 1891 1888 1885 1881 1877 1873 1869 1865 1858 1852 1849 1846 1843 1839 1833 1827 1823 1816 1809 1802 1796 1792 1789 1791 1792 1790 1789 1787 1784 1781 1776 1768 1763 1760 1757 1755 1752 1749 1746 1746 1746 1746 1744 1742 1741 1740 1738 1737 1738 1739 1740 1738 1735 1732
2000 1993 1986 1980 1975 1971 1965 1962 1959 1956 1953 1951 1952 1956 1958 1960 1961 1957 1950 1943 1935 1930 1923 1917 1913 1910 1905 1899 1895 1891 1888 1885 1881 1878 1874 1870 1866 1860 1855 1848 1844 1841 1836 1831 1825 1821 1817 1813 1806 1797 1793 1790 1791 1794 1796 1795 1792 1786 1783 1783 1779 1773 1766 1761 1759 1757 1753 1748 1746 1745 1745 1745 1742 1740 1739 1738 1738 1737 1737 1736 1737 1737 1735 1733
1998 1989 1981 1979 1977 1972 1966 1959 1956 1952 1947 1945 1946 1951 1954 1955 1956 1954 1949 1941 1934 1924 1917 1914 1909 1904 1900 1897 1893 1889 1884 1881 1879 1874 1869 1864 1860 1857 1852 1845 1841 1837 1832 1827 1822 1818 1813 1810 1806 1800 1796 1796 1796 1797 1797 1795 1789 1785 1783 1782 1779 1772 1765 1761 1760 1758 1753 1748 1745 1744 1744 1743 1740 1739 1739 1739 1740 1739 1737 1736 1735 1736 1735 1733
1994 1985 1982 1980 1978 1971 1963 1957 1952 1948 1945 1941 1940 1943 1946 1948 1949 1951 1946 1939 1930 1922 1917 1912 1907 1901 1898 1896 1893 1888 1882 1878 1874 1871 1865 1859 1856 1852 1848 1842 1838 1834 1829 1826 1822 1816 1812 1810 1808 1804 1801 1801 1801 1799 1796 1791 1787 1783 1783 1781 1776 1770 1764 1760 1759 1757 1753 1748 1747 1747 1747 1745 1742 1740 1740 1739 1740 1740 1739 1737 1736 1737 1737 1734
1991 1985 1980 1978 1973 1963 1956 1951 1947 1945 1943 1941 1935 1936 1938 1940 1943 1944 1941 1937 1930 1924 1918 1913 1907 1902 1898 1897 1894 1889 1883 1877 1872 1868 1862 1856 1852 1847 1844 1841 1838 1834 1830 1828 1824 1819 1813 1811 1809 1805 1803 1802 1801 1797 1794 1790 1786 1785 1781 1776 1772 1767 1763 1759 1757 1755 1752 1750 1749 1752 1752 1750 1747 1745 1741 1741 1741 1743 1743 1740 1739 1740 1739 1736
1991 1985 1979 1975 1968 1961 1955 1949 1945 1941 1939 1934 1930 1930 1930 1931 1932 1934 1936 1935 1929 1924 1919 1913 1909 1904 1901 1897 1893 1889 1885 1880 1874 1869 1861 1854 1850 1847 1843 1840 1837 1832 1830 1828 1824 1820 1816 1813 1811 1806 1803 1802 1797 1794 1791 1789 1787 1785 1779 1772 1768 1766 1763 1760 1757 1754 1753 1751 1750 1750 1752 1751 1749 1746 1744 1743 1745 1744 1743 1741 1740 1740 1740 1738
1998 1992 1986 1979 1973 1967 1959 1952 1946 1941 1935 1930 1926 1924 1923 1922 1921 1925 1929 1928 1927 1922 1917 1912 1908 1903 1899 1896 1893 1889 1886 1881 1875 1868 1860 1852 1850 1848 1844 1841 1837 1832 1828 1825 1822 1818 1816 1815 1812 1808 1807 1805 1802 1794 1791 1787 1784 1782 1778 1772 1767 1765 1764 1762 1760 1757 1754 1752 1748 1749 1750 1749 1748 1747 1746 1745 1743 1742 1740 1741 1740 1740 1740 1740
2003 1997 1990 1983 1977 1970 1963 1956 1951 1944 1939 1931 1925 1921 1918 1916 1914 1916 1917 1918 1918 1917 1912 1908 1904 1899 1894 1893 1890 1887 1885 1881 1874 1868 1861 1854 1851 1850 1847 1843 1841 1837 1830 1824 1822 1821 1819 1817 1817 1816 1816 1815 1806 1798 1794 1789 1784 1782 1779 1774 1769 1766 1765 1763 1761 1759 1757 1754 1753 1753 1754 1753 1750 1748 1747 1745 1743 1743 1744 1744 1743 1742 1741 1742
2004 1998 1991 1984 1978 1970 1963 1958 1952 1947 1938 1930 1926 1921 1915 1911 1908 1908 1909 1908 1909 1908 1904 1901 1896 1891 1888 1887 1885 1883 1882 1879 1874 1870 1865 1860 1857 1853 1850 1850 1848 1844 1839 1833 1828 1824 1822 1819 1818 1821 1821 1816 1811 1806 1800 1796 1789 1783 1780 1777 1772 1768 1766 1765 1764 1763 1762 1761 1760 1759 1757 1756 1753 1750 1748 1747 1746 1747 1748 1748 1746 1743 1742 1742
2005 1998 1991 1982 1974 1967 1959 1952 1947 1941 1937 1929 1925 1920 1915 1908 1906 1905 1905 1904 1900 1898 1895 1893 1887 1884 1881 1879 1878 1877 1876 1875 1872 1868 1865 1862 1860 1858 1857 1858 1858 1855 1851 1845 1840 1836 1830 1827 1828 1827 1826 1818 1813 1807 1803 1796 1790 1784 1781 1778 1775 1771 1770 1768 1766 1765 1765 1763 1762 1760 1758 1756 1754 1752 1750 1748 1749 1749 1751 1750 1748 1745 1743 1743
2001 1996 1987 1976 1966 1961 1955 1949 1944 1939 1935 1932 1929 1926 1919 1914 1910 1910 1910 1908 1903 1896 1894 1889 1883 1879 1876 1876 1874 1873 1872 1869 1868 1865 1863 1861 1860 1862 1864 1864 1864 1862 1857 1853 1850 1845 1841 1839 1838 1837 1831 1823 1816 1811 1806 1799 1792 1786 1782 1780 1777 1776 1774 1769 1766 1765 1764 1764 1762 1760 1758 1756 1754 1752 1751 1750 1750 1751 1752 1752 1749 1747 1745 1744
1997 1988 1980 1969 1961 1955 1952 1950 1945 1942 1940 1938 1937 1932 1927 1922 1924 1924 1923 1920 1915 1910 1903 1898 1889 1884 1882 1879 1876 1873 1870 1868 1865 1863 1860 1858 1857 1858 1858 1860 1860 1860 1857 1854 1851 1848 1846 1846 1843 1841 1837 1829 1824 1820 1814 1808 1799 1793 1790 1786 1782 1778 1775 1769 1765 1764 1765 1766 1764 1760 1758 1757 1756 1754 1753 1752 1753 1754 1755 1755 1752 1749 1747 1746
1993 1983 1972 1964 1955 1952 1952 1953 1952 1948 1943 1941 1938 1933 1928 1929 1931 1934 1932 1930 1926 1920 1912 1904 1898 1893 1890 1885 1882 1879 1877 1872 1868 1863 1859 1856 1853 1851 1851 1852 1854 1856 1854 1852 1850 1849 1847 1845 1844 1842 1838 1835 1830 1826 1822 1813 1804 1799 1795 1791 1787 1781 1776 1771 1767 1766 1768 1768 1766 1762 1758 1758 1757 1757 1756 1755 1753 1754 1755 1755 1753 1751 1748 1747
1991 1978 1970 1961 1955 1954 1959 1959 1957 1952 1947 1943 1941 1936 1934 1935 1942 1943 1942 1940 1935 1926 1913 1903 1898 1894 1888 1883 1883 1883 1880 1875 1869 1864 1862 1858 1853 1850 1847 1846 1847 1849 1849 1850 1851 1848 1846 1844 1843 1840 1837 1834 1832 1828 1824 1817 1808 1801 1798 1795 1789 1782 1778 1774 1771 1771 1770 1770 1768 1765 1762 1759 1759 1759 1758 1756 1755 1754 1754 1753 1752 1750 1749 1747
1991 1980 1974 1969 1963 1961 1962 1962 1958 1955 1950 1948 1946 1945 1942 1944 1950 1954 1951 1947 1938 1928 1915 1906 1902 1896 1887 1882 1882 1881 1880 1874 1869 1865 1863 1858 1853 1849 1846 1843 1841 1840 1841 1844 1847 1846 1844 1842 1840 1836 1834 1833 1832 1829 1825 1819 1809 1803 1800 1796 1790 1783 1778 1776 1774 1774 1773 1771 1769 1768 1765 1763 1763 1762 1760 1759 1757 1757 1756 1754 1751 1749 1747 1744
1993 1984 1978 1975 1970 1968 1967 1962 1960 1956 1951 1949 1949 1950 1950 1951 1956 1960 1956 1949 1939 1929 1917 1909 1902 1896 1889 1884 1883 1882 1878 1873 1866 1864 1862 1858 1854 1850 1848 1845 1841 1836 1835 1837 1839 1839 1837 1836 1836 1833 1832 1832 1831 1829 1825 1819 1811 1805 1801 1795 1787 1783 1780 1778 1777 1776 1774 1772 1769 1768 1768 1767 1767 1765 1762 1759 1759 1759 1758 1755 1753 1749 1745 1743
1996 1990 1984 1980 1978 1976 1970 1962 1958 1956 1951 1947 1949 1952 1954 1957 1962 1962 1959 1949 1939 1930 1919 1910 1902 1895 1887 1886 1884 1881 1878 1873 1868 1864 1861 1858 1854 1850 1848 1847 1843 1836 1835 1833 1833 1831 1830 1831 1831 1832 1831 1829 1827 1826 1823 1818 1812 1805 1799 1792 1787 1783 1781 1779 1778 1778 1777 1774 1771 1770 1770 1768 1766 1764 1760 1759 1758 1757 1756 1755 1752 1749 1748 1747
1999 1996 1989 1983 1979 1980 1973 1961 1957 1956 1954 1951 1950 1954 1959 1961 1964 1965 1958 1949 1941 1934 1924 1911 1902 1898 1894 1888 1886 1883 1880 1875 1869 1864 1858 1855 1852 1848 1845 1845 1843 1839 1836 1834 1829 1827 1825 1825 1826 1826 1825 1824 1822 1820 1818 1814 1808 1803 1798 1791 1785 1783 1782 1780 1780 1780 1779 1777 1774 1771 1768 1767 1764 1761 1759 1757 1756 1754 1754 1752 1751 1750 1751 1752
2003 1999 1993 1983 1979 1976 1974 1963 1961 1962 1961 1957 1957 1962 1964 1964 1966 1964 1959 1950 1942 1934 1924 1912 1904 1900 1895 1891 1886 1883 1881 1877 1870 1862 1855 1851 1848 1844 1841 1841 1841 1838 1836 1835 1831 1826 1822 1819 1818 1818 1818 1817 1816 1813 1811 1806 1804 1801 1797 1791 1786 1785 1784 1783 1782 1782 1780 1778 1774 1770 1767 1766 1764 1761 1759 1757 1756 1756 1755 1755 1754 1754 1753 1751
2009 2003 1997 1987 1981 1983 1982 1977 1973 1971 1967 1963 1961 1963 1965 1965 1965 1965 1960 1950 1941 1932 1922 1911 1904 1898 1894 1889 1884 1882 1879 1876 1870 1861 1854 1850 1845 1840 1836 1836 1836 1835 1835 1833 1830 1826 1820 1817 1814 1814 1813 1811 1809 1807 1804 1802 1800 1799 1795 1791 1789 1788 1787 1785 1784 1782 1780 1776 1773 1770 1767 1765 1764 1762 1760 1759 1759 1758 1758 1758 1756 1755 1753 1752
2012 2005 1997 1989 1987 1989 1991 1991 1988 1981 1974 1967 1962 1962 1962 1964 1966 1963 1957 1950 1942 1931 1919 1908 1899 1891 1888 1887 1884 1880 1876 1872 1869 1860 1854 1850 1845 1837 1832 1831 1831 1831 1831 1830 1829 1829 1824 1819 1814 1812 1812 1809 1808 1807 1804 1801 1799 1797 1793 1791 1788 1786 1784 1782 1781 1780 1777 1774 1773 1770 1767 1765 1765 1763 1761 1760 1759 1759 1758 1757 1755 1754 1753 1753
2013 2006 1997 1992 1992 1992 1993 1993 1992 1987 1981 1972 1967 1963 1962 1963 1965 1963 1957 1950 1941 1930 1917 1907 1898 1889 1886 1886 1883 1879 1874 1871 1868 1861 1854 1852 1848 1843 1836 1831 1832 1830 1829 1828 1829 1829 1827 1823 1818 1814 1814 1812 1810 1809 1805 1801 1798 1796 1794 1791 1789 1787 1786 1784 1782 1780 1777 1775 1773 1770 1767 1766 1766 1765 1764 1762 1761 1760 1758 1756 1753 1752 1752 1752
2017 2009 2002 1998 1996 1994 1991 1992 1991 1988 1982 1975 1971 1968 1965 1965 1965 1965 1958 1949 1939 1929 1916 1905 1898 1892 1886 1882 1878 1876 1872 1869 1866 1862 1857 1854 1852 1849 1842 1836 1834 1832 1831 1830 1829 1826 1825 1822 1818 1815 1814 1813 1812 1809 1803 1799 1796 1795 1794 1794 1792 1791 1789 1788 1785 1781 1779 1776 1774 1773 1770 1768 1767 1767 1766 1765 1763 1761 1758 1754 1752 1751 1750 1751
2022 2016 2008 2004 2001 1995 1993 1990 1989 1986 1982 1977 1971 1968 1966 1964 1964 1962 1956 1947 1939 1928 1916 1904 1895 1890 1885 1880 1876 1874 1871 1867 1863 1859 1856 1853 1852 1849 1844 1839 1836 1836 1835 1832 1830 1826 1823 1820 1816 1814 1813 1812 1810 1807 1803 1800 1796 1793 1792 1792 1791 1790 1789 1788 1785 1783 1782 1778 1776 1774 1773 1771 1769 1767 1767 1767 1765 1762 1759 1756 1753 1752 1752 1752
2025 2019 2011 2005 2001 1996 1994 1992 1989 1986 1984 1978 1972 1967 1964 1962 1961 1959 1953 1945 1936 1926 1915 1906 1896 1891 1888 1882 1877 1874 1871 1867 1863 1859 1856 1854 1851 1847 1842 1838 1838 1837 1835 1834 1830 1825 1821 1818 1814 1812 1812 1811 1809 1807 1805 1802 1798 1794 1792 1792 1791 1790 1789 1787 1786 1784 1783 1781 1778 1776 1776 1774 1771 1767 1767 1767 1766 1764 1760 1757 1755 1754 1753 1752
2030 2021 2011 2006 2001 1996 1991 1990 1989 1986 1983 1979 1973 1968 1964 1961 1958 1956 1952 1945 1937 1927 1915 1905 1896 1890 1887 1884 1881 1874 1870 1867 1863 1859 1856 1852 1849 1844 1841 1838 1837 1836 1833 1831 1828 1823 1819 1817 1815 1813 1812 1811 1810 1809 1808 1805 1802 1797 1796 1795 1794 1793 1792 1790 1786 1786 1785 1783 1781 1779 1777 1775 1772 1769 1766 1767 1767 1765 1762 1758 1757 1757 1754 1751
2029 2020 2013 2008 2003 1996 1991 1989 1987 1984 1980 1976 1972 1966 1961 1958 1955 1953 1951 1945 1937 1927 1916 1904 1896 1890 1886 1882 1880 1875 1869 1866 1862 1859 1854 1849 1845 1841 1839 1836 1835 1833 1831 1829 1826 1822 1819 1818 1818 1816 1814 1812 1811 1810 1808 1805 1803 1801 1798 1797 1796 1795 1795 1793 1791 1789 1787 1784 1782 1779 1776 1774 1773 1769 1768 1768 1768 1767 1763 1761 1759 1759 1758 1753
2025 2018 2012 2007 2002 1999 1992 1988 1985 1981 1977 1973 1968 1964 1959 1954 1952 1951 1949 1944 1936 1929 1917 1907 1898 1890 1883 1879 1877 1873 1869 1864 1861 1857 1852 1848 1844 1841 1837 1835 1833 1832 1831 1829 1827 1824 1822 1821 1820 1818 1815 1814 1812 1811 1809 1807 1806 1805 1802 1799 1796 1796 1796 1796 1795 1792 1789 1786 1783 1779 1776 1775 1774 1771 1769 1768 1767 1766 1764 1762 1760 1760 1758 1753
